UID,dppc wtf,dspepeg200 wtf,pfh wtf,ethanol wtf,water wtf,Well,Labware,Slot,200.0nm,250.0nm,300.0nm,350.0nm,400.0nm,450.0nm,500.0nm,550.0nm,600.0nm,650.0nm,700.0nm,750.0nm,800.0nm,850.0nm,900.0nm,950.0nm
S6_A1_04-05-2021_PFO,7.5e-05,3.5e-05,0.0,0.11052631578947368,0.8893636842105264,A1,Corning 96 Well Plate 360 µL Flat,6,0.0259999999999998,0.006000000000000227,0.0020000000000000018,0.0030000000000000027,0.0040000000000000036,0.0040000000000000036,0.0020000000000000018,0.0020000000000000018,0.0029999999999999957,0.0049999999999999975,0.0049999999999999906,0.006000000000000005,0.005999999999999998,0.006000000000000005,0.0049999999999999975,0.0050000000000000044
S6_A2_04-05-2021_PFO,7.5e-05,3.5e-05,0.0,0.14736842105263154,0.8525215789473685,A2,Corning 96 Well Plate 360 µL Flat,6,0.020000000000000018,0.01799999999999935,-0.0030000000000000027,0.0020000000000000018,0.0010000000000000078,0.0010000000000000009,0.000999999999999994,0.0,0.0010000000000000009,0.0,0.0,0.0,0.0,0.0,-0.0030000000000000027,-0.001999999999999988
S6_A3_04-05-2021_PFO,7.5e-05,3.5e-05,0.0,0.18421052631578946,0.8156794736842106,A3,Corning 96 Well Plate 360 µL Flat,6,0.006999999999999673,0.01699999999999946,0.0,0.0020000000000000018,0.000999999999999994,0.001999999999999995,0.0010000000000000009,0.0,0.0,0.000999999999999994,0.000999999999999994,0.0,0.0,0.0,-0.0010000000000000078,-0.0010000000000000009
S6_A4_04-05-2021_PFO,7.5e-05,3.5e-05,0.0,0.22105263157894733,0.7788373684210527,A4,Corning 96 Well Plate 360 µL Flat,6,0.017000000000000792,0.014000000000000679,0.008999999999999952,0.010999999999999996,0.010999999999999996,0.010000000000000002,0.009000000000000001,0.008000000000000007,0.008,0.009000000000000001,0.008,0.008,0.009000000000000008,0.007999999999999993,0.008,0.00899999999999998
S6_A5_04-05-2021_PFO,7.5e-05,3.5e-05,0.0,0.25789473684210523,0.7419952631578948,A5,Corning 96 Well Plate 360 µL Flat,6,0.01600000000000046,0.0129999999999999,-0.0010000000000000009,0.0040000000000000036,0.0030000000000000027,0.0020000000000000018,0.0010000000000000078,0.0,0.0,0.0,-0.000999999999999994,-0.0010000000000000009,-0.0010000000000000009,-0.0010000000000000009,-0.0020000000000000018,0.0
S6_A6_04-05-2021_PFO,7.5e-05,3.5e-05,0.0,0.29473684210526313,0.7051531578947369,A6,Corning 96 Well Plate 360 µL Flat,6,0.033999999999999364,-0.020000000000000018,0.014999999999999958,0.019000000000000003,0.019000000000000003,0.01800000000000001,0.019000000000000003,0.019000000000000003,0.019000000000000003,0.019999999999999997,0.019000000000000003,0.017999999999999995,0.019000000000000003,0.020000000000000004,0.020000000000000004,0.01899999999999999
S6_A7_04-05-2021_PFO,7.5e-05,3.5e-05,0.0,0.33157894736842103,0.668311052631579,A7,Corning 96 Well Plate 360 µL Flat,6,0.021999999999999797,-0.01100000000000012,0.007000000000000006,0.010999999999999996,0.008999999999999994,0.008,0.007000000000000006,0.0049999999999999975,0.0049999999999999975,0.005999999999999998,0.005999999999999998,0.0049999999999999975,0.0050000000000000044,0.0050000000000000044,0.0040000000000000036,0.0050000000000000044
S6_A8_04-05-2021_PFO,7.5e-05,3.5e-05,0.0,0.3684210526315789,0.6314689473684211,A8,Corning 96 Well Plate 360 µL Flat,6,0.05699999999999994,0.016999999999999904,0.04999999999999999,0.05399999999999999,0.054,0.05200000000000002,0.051,0.051,0.05300000000000001,0.055,0.055,0.055999999999999994,0.05499999999999999,0.055999999999999994,0.059,0.05600000000000001
S6_A9_04-05-2021_PFO,7.5e-05,3.5e-05,0.0,0.4052631578947368,0.5946268421052632,A9,Corning 96 Well Plate 360 µL Flat,6,0.013000000000000345,0.004999999999999893,0.016000000000000014,0.012999999999999998,0.009000000000000008,0.0049999999999999975,0.0020000000000000018,0.0020000000000000018,0.0010000000000000078,0.0010000000000000009,0.0010000000000000009,0.0,0.0,-0.0010000000000000009,-0.0029999999999999957,-0.0040000000000000036
S6_A10_04-05-2021_PFO,7.5e-05,3.5e-05,0.0,0.44210526315789467,0.5577847368421054,A10,Corning 96 Well Plate 360 µL Flat,6,0.015000000000000124,-0.004000000000000448,0.019999999999999962,0.015999999999999986,0.010999999999999996,0.006999999999999999,0.0049999999999999975,0.0040000000000000036,0.0029999999999999957,0.0020000000000000018,0.0020000000000000018,0.0,0.000999999999999994,-0.0010000000000000009,-0.0020000000000000018,-0.0030000000000000165
S6_A11_04-05-2021_PFO,7.5e-05,3.5e-05,0.0,0.4789473684210526,0.5209426315789474,A11,Corning 96 Well Plate 360 µL Flat,6,0.03799999999999981,-0.0030000000000001137,0.025999999999999968,0.024000000000000007,0.021000000000000005,0.015999999999999993,0.012000000000000004,0.010999999999999996,0.008999999999999994,0.009000000000000008,0.009000000000000008,0.008000000000000007,0.007000000000000006,0.006000000000000005,0.007000000000000006,0.006000000000000005
S6_A12_04-05-2021_PFO,7.5e-05,3.5e-05,0.0,0.5157894736842105,0.4841005263157895,A12,Corning 96 Well Plate 360 µL Flat,6,0.14300000000000024,0.04600000000000026,0.14600000000000002,0.14,0.134,0.131,0.131,0.13,0.12899999999999998,0.12799999999999997,0.12799999999999997,0.127,0.126,0.125,0.123,0.123
S6_B1_04-05-2021_PFO,7.5e-05,3.5e-05,0.0,0.5526315789473684,0.4472584210526316,B1,Corning 96 Well Plate 360 µL Flat,6,0.03100000000000014,0.01399999999999979,0.019999999999999962,0.019000000000000003,0.015999999999999993,0.016000000000000007,0.015,0.015,0.013999999999999992,0.013000000000000012,0.012999999999999998,0.013000000000000005,0.012999999999999998,0.012999999999999998,0.010999999999999996,0.01200000000000001
S6_B2_04-05-2021_PFO,7.5e-05,3.5e-05,0.0,0.5894736842105263,0.4104163157894737,B2,Corning 96 Well Plate 360 µL Flat,6,0.02300000000000013,0.011000000000000565,0.012999999999999956,0.010999999999999996,0.006999999999999992,0.0040000000000000036,0.0030000000000000096,0.0020000000000000018,0.0020000000000000018,0.001999999999999995,0.0020000000000000018,0.0010000000000000078,0.000999999999999994,0.0010000000000000009,0.0,0.000999999999999987
S6_B3_04-05-2021_PFO,7.5e-05,3.5e-05,0.0,0.6263157894736842,0.3735742105263158,B3,Corning 96 Well Plate 360 µL Flat,6,0.014000000000000234,0.012000000000000455,0.008999999999999952,0.009000000000000008,0.006000000000000005,0.003999999999999997,0.0030000000000000096,0.0020000000000000018,0.0020000000000000018,0.0020000000000000018,0.0020000000000000018,0.0020000000000000018,0.001999999999999995,0.0010000000000000009,0.0,0.000999999999999987
S6_B4_04-05-2021_PFO,7.5e-05,3.5e-05,0.0,0.6631578947368421,0.3367321052631579,B4,Corning 96 Well Plate 360 µL Flat,6,0.007000000000000117,0.001000000000000334,0.007000000000000006,0.007000000000000006,0.0040000000000000036,0.0029999999999999957,0.0030000000000000027,0.0030000000000000027,0.000999999999999994,0.0020000000000000018,0.0010000000000000009,0.000999999999999994,0.0010000000000000078,0.000999999999999994,0.0010000000000000009,0.0
S6_B5_04-05-2021_PFO,7.5e-05,3.5e-05,0.0,0.7,0.29989,B5,Corning 96 Well Plate 360 µL Flat,6,0.015000000000000124,0.01399999999999979,0.0010000000000000009,0.0020000000000000018,0.0020000000000000018,0.0029999999999999957,0.0,0.0,-0.000999999999999994,0.0010000000000000009,0.0010000000000000009,0.000999999999999994,0.0020000000000000018,0.0020000000000000018,0.0030000000000000027,0.0040000000000000036
S6_B6_04-05-2021_PFO,7.5e-05,3.5e-05,0.0004166666666666667,0.18421052631578946,0.8152628070175438,B6,Corning 96 Well Plate 360 µL Flat,6,0.03599999999999959,0.0009999999999994458,0.04700000000000004,0.0050000000000000044,0.000999999999999994,0.001999999999999995,0.0010000000000000009,0.0010000000000000009,0.0010000000000000009,0.000999999999999994,0.000999999999999994,0.0010000000000000078,0.000999999999999994,0.0010000000000000009,-0.0010000000000000078,0.000999999999999987
S6_B7_04-05-2021_PFO,7.5e-05,3.5e-05,0.0004166666666666667,0.22105263157894733,0.7784207017543859,B7,Corning 96 Well Plate 360 µL Flat,6,0.04600000000000026,0.010000000000000231,0.050999999999999934,0.017999999999999988,0.013999999999999992,0.013000000000000005,0.011000000000000003,0.009000000000000008,0.008,0.009000000000000001,0.008,0.008,0.009000000000000008,0.009000000000000001,0.009000000000000001,0.00799999999999998
S6_B8_04-05-2021_PFO,7.5e-05,3.5e-05,0.0004166666666666667,0.25789473684210523,0.741578596491228,B8,Corning 96 Well Plate 360 µL Flat,6,0.04300000000000015,0.028000000000000025,0.020000000000000018,0.032,0.03,0.028000000000000004,0.02700000000000001,0.025,0.024,0.023000000000000007,0.022000000000000006,0.022000000000000006,0.021000000000000005,0.022000000000000006,0.020000000000000004,0.022000000000000006
S6_B9_04-05-2021_PFO,7.5e-05,3.5e-05,0.0004166666666666667,0.29473684210526313,0.7047364912280702,B9,Corning 96 Well Plate 360 µL Flat,6,0.041999999999999815,0.0770000000000004,-0.03200000000000003,0.049,0.051000000000000004,0.047000000000000014,0.04699999999999999,0.04599999999999999,0.044000000000000004,0.04399999999999999,0.045000000000000005,0.044000000000000004,0.044,0.044,0.04200000000000001,0.04100000000000001
S6_B10_04-05-2021_PFO,7.5e-05,3.5e-05,0.0004166666666666667,0.33157894736842103,0.6678943859649122,B10,Corning 96 Well Plate 360 µL Flat,6,0.028000000000000025,0.03399999999999981,-0.0050000000000000044,0.022000000000000006,0.019999999999999997,0.017,0.016000000000000007,0.012999999999999998,0.012999999999999998,0.014000000000000005,0.014000000000000005,0.011999999999999997,0.012999999999999998,0.011999999999999997,0.01100000000000001,0.01200000000000001
S6_B11_04-05-2021_PFO,7.5e-05,3.5e-05,0.0004166666666666667,0.3684210526315789,0.6310522807017545,B11,Corning 96 Well Plate 360 µL Flat,6,0.14500000000000002,0.11500000000000021,0.13200000000000006,0.151,0.146,0.14500000000000002,0.142,0.13899999999999998,0.13699999999999998,0.134,0.131,0.13,0.129,0.129,0.127,0.129
S6_B12_04-05-2021_PFO,7.5e-05,3.5e-05,0.0004166666666666667,0.4052631578947368,0.5942101754385964,B12,Corning 96 Well Plate 360 µL Flat,6,0.13800000000000034,0.05900000000000061,0.136,0.147,0.14900000000000002,0.148,0.145,0.14700000000000002,0.14600000000000002,0.146,0.146,0.147,0.14700000000000002,0.14599999999999996,0.14600000000000002,0.14300000000000002
S6_C1_04-05-2021_PFO,7.5e-05,3.5e-05,0.0004166666666666667,0.44210526315789467,0.5573680701754387,C1,Corning 96 Well Plate 360 µL Flat,6,0.03600000000000003,-0.021999999999999797,0.065,0.05099999999999999,0.047999999999999994,0.048999999999999995,0.051,0.049,0.048999999999999995,0.04700000000000001,0.047000000000000014,0.048,0.04900000000000001,0.052000000000000005,0.051000000000000004,0.04799999999999997
S6_C2_04-05-2021_PFO,7.5e-05,3.5e-05,0.0004166666666666667,0.4789473684210526,0.5205259649122808,C2,Corning 96 Well Plate 360 µL Flat,6,0.042999999999999705,0.0019999999999997797,0.03799999999999998,0.026999999999999996,0.022000000000000006,0.017999999999999995,0.013999999999999992,0.015,0.015,0.016000000000000007,0.016000000000000007,0.015,0.014000000000000005,0.012999999999999998,0.015,0.012999999999999998
S6_C3_04-05-2021_PFO,7.5e-05,3.5e-05,0.0004166666666666667,0.5157894736842105,0.4836838596491229,C3,Corning 96 Well Plate 360 µL Flat,6,0.04099999999999948,0.04300000000000015,0.032999999999999974,0.02099999999999999,0.015999999999999993,0.016000000000000007,0.014000000000000005,0.014000000000000005,0.015,0.016,0.016,0.015,0.013999999999999992,0.012999999999999998,0.015,0.010999999999999996
S6_C4_04-05-2021_PFO,7.5e-05,3.5e-05,0.0004166666666666667,0.5526315789473684,0.44684175438596496,C4,Corning 96 Well Plate 360 µL Flat,6,0.028000000000000025,0.05899999999999972,0.020999999999999963,0.012999999999999998,0.008,0.006000000000000005,0.0030000000000000096,0.0030000000000000096,0.000999999999999994,0.0,0.0,-0.001999999999999995,-0.000999999999999994,-0.0010000000000000009,-0.0030000000000000027,-0.001999999999999988
S6_C5_04-05-2021_PFO,7.5e-05,3.5e-05,0.0004166666666666667,0.5894736842105263,0.4099996491228071,C5,Corning 96 Well Plate 360 µL Flat,6,0.028000000000000025,-0.009999999999999787,0.03799999999999998,0.013999999999999999,0.006999999999999992,0.0030000000000000027,0.0030000000000000096,0.0030000000000000096,0.0029999999999999957,0.001999999999999995,0.0029999999999999957,0.0010000000000000078,0.0020000000000000018,0.0010000000000000009,0.0010000000000000009,0.001999999999999988
S6_C6_04-05-2021_PFO,7.5e-05,3.5e-05,0.0004166666666666667,0.6263157894736842,0.3731575438596492,C6,Corning 96 Well Plate 360 µL Flat,6,0.018000000000000238,0.02300000000000013,0.034999999999999976,0.011999999999999997,0.007000000000000006,0.003999999999999997,0.0020000000000000018,0.0029999999999999957,0.0020000000000000018,0.000999999999999994,0.0,-0.000999999999999994,-0.0010000000000000078,0.0,0.0,0.000999999999999987
S6_C7_04-05-2021_PFO,7.5e-05,3.5e-05,0.0004166666666666667,0.6631578947368421,0.3363154385964913,C7,Corning 96 Well Plate 360 µL Flat,6,0.0050000000000003375,0.004000000000000448,0.011999999999999955,0.007999999999999993,0.0050000000000000044,0.005999999999999998,0.005999999999999998,0.005999999999999998,0.0040000000000000036,0.0049999999999999975,0.0040000000000000036,0.0049999999999999975,0.0050000000000000044,0.0049999999999999975,0.0050000000000000044,0.0050000000000000044
S6_C8_04-05-2021_PFO,7.5e-05,3.5e-05,0.0004166666666666667,0.7,0.29947333333333337,C8,Corning 96 Well Plate 360 µL Flat,6,0.01200000000000001,0.006000000000000227,-0.018000000000000016,0.0030000000000000027,0.0030000000000000027,0.0020000000000000018,-0.0020000000000000018,-0.0010000000000000078,0.0010000000000000078,0.0029999999999999957,0.0020000000000000018,0.0020000000000000018,0.000999999999999994,0.0,0.0,0.0010000000000000009
S6_C9_04-05-2021_PFO,7.5e-05,3.5e-05,0.0008333333333333334,0.22105263157894733,0.7780040350877193,C9,Corning 96 Well Plate 360 µL Flat,6,0.04800000000000004,0.04900000000000038,0.03699999999999998,0.029000000000000012,0.027000000000000003,0.026000000000000002,0.025,0.023000000000000007,0.022,0.023,0.022,0.022000000000000006,0.023000000000000007,0.022000000000000006,0.022,0.022999999999999993
S6_C10_04-05-2021_PFO,7.5e-05,3.5e-05,0.0008333333333333334,0.25789473684210523,0.7411619298245614,C10,Corning 96 Well Plate 360 µL Flat,6,0.015000000000000124,0.016000000000000014,-0.028000000000000025,0.0030000000000000027,0.0020000000000000018,0.0,-0.000999999999999994,-0.0010000000000000078,-0.0020000000000000018,-0.001999999999999995,-0.001999999999999995,-0.0029999999999999957,-0.0030000000000000027,-0.0020000000000000018,-0.003999999999999997,-0.0020000000000000018
S6_C11_04-05-2021_PFO,7.5e-05,3.5e-05,0.0008333333333333334,0.29473684210526313,0.7043198245614035,C11,Corning 96 Well Plate 360 µL Flat,6,0.033999999999999364,0.06800000000000006,-0.05800000000000005,0.034,0.038000000000000006,0.036000000000000004,0.036,0.036,0.034999999999999996,0.034999999999999996,0.034999999999999996,0.033999999999999996,0.035,0.03499999999999999,0.031,0.033999999999999975
S6_C12_04-05-2021_PFO,7.5e-05,3.5e-05,0.0008333333333333334,0.33157894736842103,0.6674777192982456,C12,Corning 96 Well Plate 360 µL Flat,6,0.09300000000000042,0.06800000000000006,0.10599999999999998,0.10999999999999999,0.09799999999999998,0.092,0.08800000000000001,0.08299999999999999,0.08100000000000002,0.07900000000000001,0.07800000000000001,0.076,0.075,0.07400000000000001,0.068,0.07200000000000002
S6_D1_04-05-2021_PFO,7.5e-05,3.5e-05,0.0008333333333333334,0.3684210526315789,0.6306356140350877,D1,Corning 96 Well Plate 360 µL Flat,6,0.04800000000000004,0.030999999999999694,0.03999999999999998,0.065,0.06099999999999999,0.05800000000000001,0.055,0.054,0.05300000000000001,0.052,0.04900000000000001,0.048,0.047000000000000014,0.046999999999999986,0.04300000000000001,0.044
S6_D2_04-05-2021_PFO,7.5e-05,3.5e-05,0.0008333333333333334,0.4052631578947368,0.5937935087719298,D2,Corning 96 Well Plate 360 µL Flat,6,0.037000000000000366,0.026000000000000245,0.038000000000000034,0.035,0.033,0.030999999999999993,0.030000000000000006,0.032,0.033000000000000015,0.033999999999999996,0.033999999999999996,0.034999999999999996,0.035,0.033,0.036000000000000004,0.028999999999999998
S6_D3_04-05-2021_PFO,7.5e-05,3.5e-05,0.0008333333333333334,0.44210526315789467,0.5569514035087719,D3,Corning 96 Well Plate 360 µL Flat,6,0.16200000000000037,0.11299999999999999,0.18799999999999994,0.17099999999999999,0.164,0.16199999999999998,0.16199999999999998,0.16099999999999998,0.159,0.15499999999999997,0.15299999999999997,0.15299999999999997,0.154,0.15300000000000002,0.14400000000000002,0.14999999999999997
S6_D4_04-05-2021_PFO,7.5e-05,3.5e-05,0.0008333333333333334,0.4789473684210526,0.5201092982456141,D4,Corning 96 Well Plate 360 µL Flat,6,0.06899999999999995,0.03600000000000003,0.06899999999999995,0.044,0.037000000000000005,0.02899999999999999,0.025,0.022,0.020999999999999998,0.022000000000000006,0.022000000000000006,0.020000000000000004,0.019000000000000003,0.018000000000000002,0.01899999999999999,0.018000000000000002
S6_D5_04-05-2021_PFO,7.5e-05,3.5e-05,0.0008333333333333334,0.5157894736842105,0.4832671929824562,D5,Corning 96 Well Plate 360 µL Flat,6,0.05699999999999994,0.04300000000000015,0.06899999999999995,0.018000000000000002,0.010000000000000002,0.007000000000000006,0.0049999999999999975,0.0049999999999999975,0.0040000000000000036,0.0030000000000000027,0.001999999999999995,0.000999999999999994,0.0,-0.0010000000000000009,-0.0030000000000000027,-0.002999999999999989
S6_D6_04-05-2021_PFO,7.5e-05,3.5e-05,0.0008333333333333334,0.5526315789473684,0.4464250877192984,D6,Corning 96 Well Plate 360 µL Flat,6,0.02499999999999991,0.0519999999999996,0.008000000000000007,0.010999999999999996,0.008,0.006000000000000005,0.0040000000000000036,0.0050000000000000044,0.0029999999999999957,0.0030000000000000096,0.0029999999999999957,0.0010000000000000009,0.0010000000000000009,0.0010000000000000009,-0.0010000000000000009,-0.001999999999999988
S6_D7_04-05-2021_PFO,7.5e-05,3.5e-05,0.0008333333333333334,0.5894736842105263,0.4095829824561405,D7,Corning 96 Well Plate 360 µL Flat,6,0.01600000000000046,0.009000000000000341,0.010000000000000009,0.010999999999999996,0.006999999999999992,0.0040000000000000036,0.0030000000000000096,0.0030000000000000096,0.0040000000000000036,0.003999999999999997,0.0040000000000000036,0.0030000000000000027,0.0020000000000000018,0.0020000000000000018,0.0010000000000000009,0.0030000000000000027
S6_D8_04-05-2021_PFO,7.5e-05,3.5e-05,0.0008333333333333334,0.6263157894736842,0.37274087719298254,D8,Corning 96 Well Plate 360 µL Flat,6,0.02100000000000035,0.014000000000000234,0.01599999999999996,0.009000000000000008,0.006000000000000005,0.0029999999999999957,0.0010000000000000078,0.0029999999999999957,0.0029999999999999957,0.0020000000000000018,0.000999999999999994,-0.000999999999999994,-0.0010000000000000078,0.0,-0.0010000000000000009,-0.0010000000000000009
S6_D9_04-05-2021_PFO,7.5e-05,3.5e-05,0.0008333333333333334,0.6631578947368421,0.33589877192982465,D9,Corning 96 Well Plate 360 µL Flat,6,0.02100000000000035,0.002000000000000224,0.01699999999999996,0.007999999999999993,0.0050000000000000044,0.0049999999999999975,0.0030000000000000027,0.0030000000000000027,0.0020000000000000018,0.0029999999999999957,0.0029999999999999957,0.0029999999999999957,0.0030000000000000096,0.001999999999999995,0.0020000000000000018,0.0020000000000000157
S6_D10_04-05-2021_PFO,7.5e-05,3.5e-05,0.0008333333333333334,0.7,0.29905666666666675,D10,Corning 96 Well Plate 360 µL Flat,6,0.016999999999999904,0.008999999999999897,-0.01899999999999996,0.0010000000000000009,0.0010000000000000078,-0.0010000000000000078,-0.0029999999999999957,-0.0020000000000000018,-0.000999999999999994,0.0010000000000000009,0.0,0.0,0.0,-0.000999999999999994,-0.0010000000000000009,-0.0010000000000000009
S6_D11_04-05-2021_PFO,7.5e-05,3.5e-05,0.00125,0.29473684210526313,0.7039031578947369,D11,Corning 96 Well Plate 360 µL Flat,6,0.0039999999999995595,0.05900000000000061,-0.08300000000000007,0.0030000000000000165,0.006000000000000005,0.0040000000000000036,0.0029999999999999957,0.0020000000000000018,0.0020000000000000018,0.0029999999999999957,0.0029999999999999957,0.000999999999999994,0.0010000000000000078,0.0010000000000000009,-0.0010000000000000009,0.0
S6_D12_04-05-2021_PFO,7.5e-05,3.5e-05,0.00125,0.33157894736842103,0.667061052631579,D12,Corning 96 Well Plate 360 µL Flat,6,0.06600000000000028,0.04999999999999982,0.05299999999999999,0.063,0.05699999999999999,0.054999999999999986,0.051000000000000004,0.04700000000000001,0.04499999999999999,0.04599999999999999,0.04599999999999999,0.04300000000000001,0.04300000000000001,0.041999999999999996,0.04100000000000001,0.043000000000000024
S6_E1_04-05-2021_PFO,7.5e-05,3.5e-05,0.00125,0.3684210526315789,0.6302189473684211,E1,Corning 96 Well Plate 360 µL Flat,6,0.004000000000000448,-0.002000000000000668,-0.020000000000000018,0.008999999999999994,0.006999999999999992,0.0050000000000000044,0.0029999999999999957,0.0029999999999999957,0.0020000000000000018,0.001999999999999995,0.000999999999999994,0.0,0.0,0.000999999999999994,-0.0010000000000000009,0.0
S6_E2_04-05-2021_PFO,7.5e-05,3.5e-05,0.00125,0.4052631578947368,0.5933768421052632,E2,Corning 96 Well Plate 360 µL Flat,6,0.13100000000000023,0.12200000000000077,0.12600000000000006,0.13199999999999998,0.128,0.12499999999999997,0.121,0.12200000000000001,0.12299999999999998,0.123,0.123,0.121,0.12099999999999998,0.11800000000000001,0.118,0.11300000000000002
S6_E3_04-05-2021_PFO,7.5e-05,3.5e-05,0.00125,0.44210526315789467,0.5565347368421053,E3,Corning 96 Well Plate 360 µL Flat,6,0.08000000000000007,0.06300000000000017,0.09499999999999997,0.086,0.07799999999999999,0.07499999999999998,0.07300000000000001,0.07,0.068,0.065,0.064,0.063,0.065,0.06399999999999999,0.06100000000000001,0.06299999999999999
S6_E4_04-05-2021_PFO,7.5e-05,3.5e-05,0.00125,0.4789473684210526,0.5196926315789474,E4,Corning 96 Well Plate 360 µL Flat,6,0.07000000000000028,0.06699999999999973,0.06999999999999995,0.065,0.06100000000000001,0.054,0.049999999999999996,0.048999999999999995,0.047999999999999994,0.049,0.049,0.048,0.047,0.046,0.051000000000000004,0.04899999999999999
S6_E5_04-05-2021_PFO,7.5e-05,3.5e-05,0.00125,0.5157894736842105,0.4828505263157895,E5,Corning 96 Well Plate 360 µL Flat,6,0.12699999999999978,0.13199999999999967,0.14199999999999996,0.126,0.11499999999999999,0.116,0.11299999999999999,0.11099999999999999,0.10899999999999999,0.10299999999999998,0.096,0.09699999999999998,0.09799999999999998,0.09699999999999999,0.09,0.09799999999999998
S6_E6_04-05-2021_PFO,7.5e-05,3.5e-05,0.00125,0.5526315789473684,0.4460084210526316,E6,Corning 96 Well Plate 360 µL Flat,6,0.03200000000000047,0.0689999999999995,0.022999999999999965,0.012999999999999998,0.008,0.007000000000000006,0.0030000000000000096,0.0030000000000000096,0.0020000000000000018,0.0010000000000000078,0.0020000000000000018,-0.0010000000000000009,-0.000999999999999994,-0.0010000000000000009,-0.0030000000000000027,-0.0040000000000000036
S6_E7_04-05-2021_PFO,7.5e-05,3.5e-05,0.00125,0.5894736842105263,0.4091663157894737,E7,Corning 96 Well Plate 360 µL Flat,6,0.022000000000000686,0.02300000000000013,0.006999999999999951,0.008000000000000007,0.005999999999999998,0.0010000000000000078,0.0020000000000000018,0.0020000000000000018,0.0029999999999999957,0.001999999999999995,0.0020000000000000018,0.0010000000000000078,0.000999999999999994,0.0010000000000000009,0.0010000000000000009,0.0030000000000000027
S6_E8_04-05-2021_PFO,7.5e-05,3.5e-05,0.00125,0.6263157894736842,0.3723242105263158,E8,Corning 96 Well Plate 360 µL Flat,6,0.020000000000000018,0.016000000000000014,0.010000000000000009,0.007999999999999993,0.006000000000000005,0.0020000000000000018,0.0010000000000000078,0.0029999999999999957,0.0029999999999999957,0.0020000000000000018,0.000999999999999994,-0.000999999999999994,-0.0010000000000000078,0.0,-0.0010000000000000009,-0.0010000000000000009
S6_E9_04-05-2021_PFO,7.5e-05,3.5e-05,0.00125,0.6631578947368421,0.3354821052631579,E9,Corning 96 Well Plate 360 µL Flat,6,0.01600000000000046,0.019000000000000128,0.007999999999999952,0.007000000000000006,0.0040000000000000036,0.0040000000000000036,0.0030000000000000027,0.001999999999999995,0.000999999999999994,0.0029999999999999957,0.0029999999999999957,0.0029999999999999957,0.0030000000000000096,0.001999999999999995,0.0010000000000000009,-0.000999999999999987
S6_E10_04-05-2021_PFO,7.5e-05,3.5e-05,0.00125,0.7,0.29864,E10,Corning 96 Well Plate 360 µL Flat,6,0.012999999999999456,0.02100000000000035,-0.020999999999999963,0.0020000000000000018,0.0020000000000000018,0.0,-0.0020000000000000018,-0.0010000000000000078,0.0,0.0020000000000000018,0.0010000000000000009,0.000999999999999994,0.000999999999999994,0.0,0.0010000000000000009,0.0
S6_E11_04-05-2021_PFO,7.5e-05,3.5e-05,0.0016666666666666668,0.33157894736842103,0.6666443859649123,E11,Corning 96 Well Plate 360 µL Flat,6,0.020000000000000018,0.03399999999999981,0.0010000000000000009,0.012999999999999998,0.008999999999999994,0.005999999999999998,0.0040000000000000036,0.0020000000000000018,0.000999999999999994,0.000999999999999994,0.000999999999999994,-0.0010000000000000009,-0.000999999999999994,-0.0010000000000000009,-0.0030000000000000027,-0.001999999999999988
S6_E12_04-05-2021_PFO,7.5e-05,3.5e-05,0.0016666666666666668,0.3684210526315789,0.6298022807017545,E12,Corning 96 Well Plate 360 µL Flat,6,0.02900000000000036,0.012999999999999456,0.0030000000000000027,0.031,0.030000000000000006,0.029000000000000012,0.027000000000000003,0.026000000000000002,0.025,0.024,0.023,0.022000000000000006,0.021000000000000005,0.020000000000000004,0.016999999999999987,0.019000000000000003
S6_F1_04-05-2021_PFO,7.5e-05,3.5e-05,0.0016666666666666668,0.4052631578947368,0.5929601754385965,F1,Corning 96 Well Plate 360 µL Flat,6,0.06700000000000061,0.0420000000000007,0.065,0.07199999999999998,0.067,0.062000000000000006,0.05899999999999999,0.05900000000000001,0.05800000000000001,0.05799999999999999,0.05799999999999999,0.05799999999999999,0.059,0.057999999999999996,0.05700000000000001,0.057999999999999996
S6_F2_04-05-2021_PFO,7.5e-05,3.5e-05,0.0016666666666666668,0.44210526315789467,0.5561180701754387,F2,Corning 96 Well Plate 360 µL Flat,6,0.01600000000000046,0.0039999999999995595,0.009999999999999953,0.012999999999999998,0.008999999999999994,0.0049999999999999975,0.005999999999999998,0.0040000000000000036,0.0020000000000000018,-0.0010000000000000078,0.0,-0.001999999999999995,-0.0010000000000000078,-0.0010000000000000009,-0.0020000000000000018,-0.0020000000000000157
S6_F3_04-05-2021_PFO,7.5e-05,3.5e-05,0.0016666666666666668,0.4789473684210526,0.5192759649122808,F3,Corning 96 Well Plate 360 µL Flat,6,0.20500000000000007,0.16100000000000003,0.22599999999999998,0.21899999999999997,0.21300000000000002,0.208,0.207,0.207,0.206,0.203,0.203,0.201,0.201,0.202,0.199,0.20199999999999999
S6_F4_04-05-2021_PFO,7.5e-05,3.5e-05,0.0016666666666666668,0.5157894736842105,0.4824338596491229,F4,Corning 96 Well Plate 360 µL Flat,6,0.04300000000000015,0.05699999999999994,0.01799999999999996,0.023000000000000007,0.022,0.01800000000000001,0.017,0.015999999999999993,0.015999999999999993,0.018000000000000002,0.016999999999999994,0.015999999999999993,0.015,0.012999999999999998,0.017,0.015
S6_F5_04-05-2021_PFO,7.5e-05,3.5e-05,0.0016666666666666668,0.5526315789473684,0.44559175438596493,F5,Corning 96 Well Plate 360 µL Flat,6,0.2530000000000001,0.23099999999999943,0.29900000000000004,0.29100000000000004,0.28300000000000003,0.28600000000000003,0.28900000000000003,0.288,0.29000000000000004,0.267,0.267,0.266,0.263,0.27,0.257,0.259
S6_F6_04-05-2021_PFO,7.5e-05,3.5e-05,0.0016666666666666668,0.5894736842105263,0.4087496491228071,F6,Corning 96 Well Plate 360 µL Flat,6,0.024000000000000465,0.024000000000000465,0.012999999999999956,0.009999999999999995,0.005999999999999998,0.0020000000000000018,0.0030000000000000096,0.0030000000000000096,0.0029999999999999957,0.0010000000000000009,0.0020000000000000018,0.0010000000000000078,0.000999999999999994,0.0010000000000000009,0.0010000000000000009,0.000999999999999987
S6_F7_04-05-2021_PFO,7.5e-05,3.5e-05,0.0016666666666666668,0.6263157894736842,0.3719075438596492,F7,Corning 96 Well Plate 360 µL Flat,6,0.020000000000000018,0.017000000000000348,0.020999999999999963,0.015,0.010000000000000002,0.005999999999999998,0.0050000000000000044,0.0049999999999999975,0.0040000000000000036,0.0020000000000000018,0.000999999999999994,0.0,0.0,0.0010000000000000009,0.0,0.0030000000000000027
S6_F8_04-05-2021_PFO,7.5e-05,3.5e-05,0.0016666666666666668,0.6631578947368421,0.3350654385964913,F8,Corning 96 Well Plate 360 µL Flat,6,0.015000000000000124,0.020000000000000018,0.011999999999999955,0.012999999999999998,0.009000000000000008,0.006999999999999999,0.005999999999999998,0.005999999999999998,0.0040000000000000036,0.0040000000000000036,0.0029999999999999957,0.0029999999999999957,0.0030000000000000096,0.001999999999999995,0.0010000000000000009,0.0020000000000000157
S6_F9_04-05-2021_PFO,7.5e-05,3.5e-05,0.0016666666666666668,0.7,0.2982233333333334,F9,Corning 96 Well Plate 360 µL Flat,6,0.008999999999999897,0.02499999999999991,-0.020999999999999963,0.0030000000000000027,0.0030000000000000027,0.0,-0.000999999999999994,0.0,0.0010000000000000078,0.0029999999999999957,0.0020000000000000018,0.000999999999999994,0.0,-0.000999999999999994,0.0,-0.0010000000000000009
S6_F10_04-05-2021_PFO,7.5e-05,3.5e-05,0.0020833333333333333,0.4052631578947368,0.5925435087719298,F10,Corning 96 Well Plate 360 µL Flat,6,0.040000000000000036,0.0470000000000006,0.02200000000000002,0.028999999999999998,0.02700000000000001,0.024,0.023,0.024000000000000007,0.024000000000000007,0.025,0.024,0.023,0.023000000000000007,0.022000000000000006,0.022000000000000006,0.021000000000000005
S6_F11_04-05-2021_PFO,7.5e-05,3.5e-05,0.0020833333333333333,0.44210526315789467,0.555701403508772,F11,Corning 96 Well Plate 360 µL Flat,6,0.1160000000000001,0.08499999999999996,0.14299999999999996,0.124,0.11099999999999999,0.10200000000000001,0.099,0.09400000000000001,0.09,0.087,0.08600000000000001,0.084,0.08399999999999999,0.082,0.08100000000000002,0.08199999999999998
S6_F12_04-05-2021_PFO,7.5e-05,3.5e-05,0.0020833333333333333,0.4789473684210526,0.5188592982456142,F12,Corning 96 Well Plate 360 µL Flat,6,0.08000000000000007,-0.0009999999999998899,0.08999999999999997,0.101,0.10100000000000002,0.09999999999999998,0.098,0.098,0.098,0.09700000000000002,0.09700000000000002,0.09599999999999999,0.09699999999999999,0.09799999999999999,0.098,0.096
S6_G1_04-05-2021_PFO,7.5e-05,3.5e-05,0.0020833333333333333,0.5157894736842105,0.4820171929824562,G1,Corning 96 Well Plate 360 µL Flat,6,0.01200000000000001,-0.01100000000000012,0.0,0.010999999999999996,0.008999999999999994,0.006000000000000005,0.005999999999999998,0.005999999999999998,0.005999999999999998,0.005999999999999998,0.005999999999999998,0.006999999999999992,0.006999999999999992,0.006000000000000005,0.0050000000000000044,0.0059999999999999915
S6_G2_04-05-2021_PFO,7.5e-05,3.5e-05,0.0020833333333333333,0.5526315789473684,0.4451750877192983,G2,Corning 96 Well Plate 360 µL Flat,6,0.04400000000000048,0.04499999999999993,0.025999999999999968,0.047,0.04699999999999999,0.05,0.05,0.05,0.049999999999999996,0.048000000000000015,0.04900000000000001,0.049,0.05,0.05299999999999999,0.049,0.05300000000000002
S6_G3_04-05-2021_PFO,7.5e-05,3.5e-05,0.0020833333333333333,0.5894736842105263,0.4083329824561404,G3,Corning 96 Well Plate 360 µL Flat,6,0.013000000000000345,0.02200000000000024,-0.004000000000000059,0.008999999999999994,0.005999999999999998,0.0030000000000000027,0.0030000000000000096,0.0020000000000000018,0.0020000000000000018,0.0010000000000000009,0.0020000000000000018,0.0010000000000000078,0.0020000000000000018,0.0020000000000000018,0.0010000000000000009,0.0030000000000000027
S6_G4_04-05-2021_PFO,7.5e-05,3.5e-05,0.0020833333333333333,0.6263157894736842,0.3714908771929825,G4,Corning 96 Well Plate 360 µL Flat,6,0.021999999999999797,0.020999999999999908,0.013000000000000012,0.010999999999999996,0.007000000000000006,0.003999999999999997,0.0030000000000000096,0.0029999999999999957,0.0020000000000000018,0.0,0.0,-0.000999999999999994,0.0,0.0010000000000000009,0.0,0.000999999999999987
S6_G5_04-05-2021_PFO,7.5e-05,3.5e-05,0.0020833333333333333,0.6631578947368421,0.33464877192982456,G5,Corning 96 Well Plate 360 µL Flat,6,0.016999999999999904,0.014000000000000234,0.00599999999999995,0.010999999999999996,0.008,0.005999999999999998,0.0050000000000000044,0.003999999999999997,0.0029999999999999957,0.0040000000000000036,0.0040000000000000036,0.003999999999999997,0.0050000000000000044,0.0049999999999999975,0.0040000000000000036,0.0050000000000000044
S6_G6_04-05-2021_PFO,7.5e-05,3.5e-05,0.0020833333333333333,0.7,0.29780666666666666,G6,Corning 96 Well Plate 360 µL Flat,6,0.008999999999999897,0.018999999999999684,-0.017000000000000015,0.0010000000000000009,0.0020000000000000018,-0.0010000000000000078,-0.0029999999999999957,-0.0020000000000000018,-0.000999999999999994,0.0010000000000000009,0.0010000000000000009,0.000999999999999994,0.000999999999999994,0.0010000000000000009,0.0,0.0
S6_G7_04-05-2021_PFO,7.5e-05,3.5e-05,0.0025,0.4789473684210526,0.5184426315789474,G7,Corning 96 Well Plate 360 µL Flat,6,0.11000000000000032,0.10199999999999987,0.12399999999999994,0.10199999999999998,0.09000000000000001,0.07799999999999999,0.07100000000000001,0.068,0.064,0.064,0.06300000000000001,0.063,0.06,0.061,0.059,0.06
S6_G8_04-05-2021_PFO,7.5e-05,3.5e-05,0.0025,0.5157894736842105,0.4816005263157895,G8,Corning 96 Well Plate 360 µL Flat,6,0.03399999999999981,0.05600000000000005,0.019999999999999962,0.011999999999999997,0.008999999999999994,0.007000000000000006,0.005999999999999998,0.0049999999999999975,0.0040000000000000036,0.0030000000000000027,0.001999999999999995,0.000999999999999994,0.0,0.0,-0.0020000000000000018,-0.0010000000000000009
S6_G9_04-05-2021_PFO,7.5e-05,3.5e-05,0.0025,0.5526315789473684,0.4447584210526317,G9,Corning 96 Well Plate 360 µL Flat,6,0.07299999999999995,0.07699999999999996,0.05399999999999999,0.07,0.07100000000000001,0.07300000000000001,0.076,0.075,0.07499999999999998,0.071,0.069,0.06999999999999999,0.07300000000000001,0.07500000000000001,0.067,0.07200000000000001
S6_G10_04-05-2021_PFO,7.5e-05,3.5e-05,0.0025,0.5894736842105263,0.40791631578947374,G10,Corning 96 Well Plate 360 µL Flat,6,0.015000000000000124,0.02800000000000047,0.007999999999999952,0.008999999999999994,0.005999999999999998,0.0020000000000000018,0.0030000000000000096,0.0020000000000000018,0.0020000000000000018,0.0010000000000000009,0.0020000000000000018,0.0010000000000000078,0.000999999999999994,0.0010000000000000009,-0.0010000000000000009,0.001999999999999988
S6_G11_04-05-2021_PFO,7.5e-05,3.5e-05,0.0025,0.6263157894736842,0.37107421052631584,G11,Corning 96 Well Plate 360 µL Flat,6,0.019000000000000572,0.02900000000000036,0.01699999999999996,0.009999999999999995,0.007000000000000006,0.0029999999999999957,0.0030000000000000096,0.0029999999999999957,0.0020000000000000018,0.0,-0.0010000000000000009,-0.0020000000000000018,-0.0010000000000000078,-0.0010000000000000009,-0.0030000000000000027,-0.0030000000000000165
S6_G12_04-05-2021_PFO,7.5e-05,3.5e-05,0.0025,0.6631578947368421,0.33423210526315794,G12,Corning 96 Well Plate 360 µL Flat,6,-0.0039999999999995595,-0.04099999999999948,-0.0030000000000000027,0.007000000000000006,0.0050000000000000044,0.0040000000000000036,0.0030000000000000027,0.0030000000000000027,0.0020000000000000018,0.0020000000000000018,0.0020000000000000018,0.0020000000000000018,0.0020000000000000018,0.001999999999999995,-0.0010000000000000009,0.0
S6_H1_04-05-2021_PFO,7.5e-05,3.5e-05,0.0025,0.7,0.29739000000000004,H1,Corning 96 Well Plate 360 µL Flat,6,-0.01600000000000046,-0.06899999999999995,-0.028000000000000025,0.0,0.0030000000000000027,0.0020000000000000018,-0.0020000000000000018,-0.0010000000000000078,0.0,0.0029999999999999957,0.0029999999999999957,0.0049999999999999975,0.0049999999999999975,0.005999999999999998,0.0050000000000000044,0.0059999999999999915
S6_H2_04-05-2021_PFO,7.5e-05,3.5e-05,0.0029166666666666672,0.5526315789473684,0.444341754385965,H2,Corning 96 Well Plate 360 µL Flat,6,-0.0039999999999995595,-0.03300000000000036,-0.006000000000000061,0.009999999999999995,0.005999999999999998,0.0050000000000000044,0.0030000000000000096,0.0030000000000000096,0.000999999999999994,0.0010000000000000078,0.0020000000000000018,0.0,0.0,0.0,-0.0020000000000000018,-0.0010000000000000009
S6_H3_04-05-2021_PFO,7.5e-05,3.5e-05,0.0029166666666666672,0.5894736842105263,0.4074996491228071,H3,Corning 96 Well Plate 360 µL Flat,6,-0.0009999999999994458,-0.0519999999999996,-0.007000000000000062,0.008999999999999994,0.005999999999999998,0.0030000000000000027,0.0030000000000000096,0.0020000000000000018,0.0020000000000000018,0.001999999999999995,0.0020000000000000018,0.0010000000000000078,0.000999999999999994,0.0010000000000000009,-0.0010000000000000009,-0.0010000000000000009
S6_H4_04-05-2021_PFO,7.5e-05,3.5e-05,0.0029166666666666672,0.6263157894736842,0.3706575438596492,H4,Corning 96 Well Plate 360 µL Flat,6,0.004000000000000448,-0.04400000000000004,0.022999999999999965,0.012999999999999998,0.008,0.005999999999999998,0.006000000000000005,0.006999999999999999,0.005999999999999998,0.0049999999999999975,0.0040000000000000036,0.0050000000000000044,0.0049999999999999975,0.0049999999999999975,0.0030000000000000027,0.0040000000000000036
S6_H5_04-05-2021_PFO,7.5e-05,3.5e-05,0.0029166666666666672,0.6631578947368421,0.3338154385964913,H5,Corning 96 Well Plate 360 µL Flat,6,-0.005999999999999339,-0.0609999999999995,0.007999999999999952,0.007000000000000006,0.0040000000000000036,0.0029999999999999957,0.0030000000000000027,0.003999999999999997,0.0020000000000000018,0.0029999999999999957,0.0029999999999999957,0.0029999999999999957,0.0040000000000000036,0.0029999999999999957,0.0010000000000000009,0.0010000000000000148
S6_H6_04-05-2021_PFO,7.5e-05,3.5e-05,0.0029166666666666672,0.7,0.2969733333333334,H6,Corning 96 Well Plate 360 µL Flat,6,-0.006000000000000227,-0.043999999999999595,-0.008000000000000007,0.0,0.0,-0.0020000000000000018,-0.0029999999999999957,-0.0020000000000000018,-0.000999999999999994,0.0010000000000000009,0.0010000000000000009,0.000999999999999994,0.000999999999999994,0.0,-0.0010000000000000009,-0.0020000000000000018
S6_H7_04-05-2021_PFO,7.5e-05,3.5e-05,0.0033333333333333327,0.5894736842105263,0.4070829824561404,H7,Corning 96 Well Plate 360 µL Flat,6,-0.005999999999999339,-0.06399999999999961,-0.0010000000000000564,0.008999999999999994,0.005999999999999998,0.0020000000000000018,0.0030000000000000096,0.0020000000000000018,0.0020000000000000018,0.001999999999999995,0.0029999999999999957,0.0020000000000000018,0.0020000000000000018,0.0030000000000000027,0.0,0.0040000000000000036
S6_H8_04-05-2021_PFO,7.5e-05,3.5e-05,0.0033333333333333327,0.6263157894736842,0.3702408771929825,H8,Corning 96 Well Plate 360 µL Flat,6,0.007000000000000117,-0.052000000000000046,0.022999999999999965,0.016999999999999987,0.012999999999999998,0.008,0.007000000000000006,0.006999999999999999,0.005999999999999998,0.0049999999999999975,0.0040000000000000036,0.0040000000000000036,0.003999999999999997,0.0040000000000000036,0.0030000000000000027,0.0049999999999999906
S6_H9_04-05-2021_PFO,7.5e-05,3.5e-05,0.0033333333333333327,0.6631578947368421,0.3333987719298246,H9,Corning 96 Well Plate 360 µL Flat,6,-0.0030000000000001137,-0.04899999999999993,0.010000000000000009,0.007999999999999993,0.006000000000000005,0.0049999999999999975,0.0050000000000000044,0.003999999999999997,0.0020000000000000018,0.0029999999999999957,0.0020000000000000018,0.0020000000000000018,0.0020000000000000018,0.000999999999999994,0.0,-0.000999999999999987
S6_H10_04-05-2021_PFO,7.5e-05,3.5e-05,0.0033333333333333327,0.7,0.2965566666666667,H10,Corning 96 Well Plate 360 µL Flat,6,0.0,-0.03399999999999981,-0.015000000000000013,0.0030000000000000027,0.0030000000000000027,0.000999999999999994,-0.000999999999999994,0.000999999999999994,0.0020000000000000018,0.0029999999999999957,0.0029999999999999957,0.0029999999999999957,0.0029999999999999957,0.0020000000000000018,0.0010000000000000009,0.001999999999999988
S6_H11_04-05-2021_PFO,7.5e-05,3.5e-05,0.00375,0.6631578947368421,0.332982105263158,H11,Corning 96 Well Plate 360 µL Flat,6,-0.009999999999999787,-0.06699999999999973,-0.0030000000000000027,0.0059999999999999915,0.0040000000000000036,0.0029999999999999957,0.0030000000000000027,0.0030000000000000027,0.000999999999999994,0.0020000000000000018,0.0010000000000000009,0.000999999999999994,0.0010000000000000078,0.000999999999999994,-0.0010000000000000009,-0.000999999999999987
S6_H12_04-05-2021_PFO,7.5e-05,3.5e-05,0.00375,0.7,0.2961400000000001,H12,Corning 96 Well Plate 360 µL Flat,6,-0.017000000000000348,-0.07899999999999974,-0.033999999999999975,-0.0010000000000000009,0.0010000000000000078,-0.0010000000000000078,-0.003999999999999997,-0.0020000000000000018,-0.000999999999999994,0.0010000000000000009,0.0010000000000000009,0.0020000000000000018,0.0020000000000000018,0.0010000000000000009,0.0,0.0010000000000000009
