UID,dppc wtf,dspepeg200 wtf,pfh wtf,ethanol wtf,water wtf,Well,Labware,Slot,200.0nm,250.0nm,300.0nm,350.0nm,400.0nm,450.0nm,500.0nm,550.0nm,600.0nm,650.0nm,700.0nm,750.0nm,800.0nm,850.0nm,900.0nm
A1_2021-03-02,0.0001,3.5e-05,0.0,0.15789473684210525,0.8419702631578947,A1,Falcon 48 Well Plate 1500 µL,2.0,200.0,250.0,300.0,350.0,400.0,450.0,500.0,550.0,600.0,650.0,700.0,750.0,800.0,850.0,900.0
A2_2021-03-02,0.0001,3.5e-05,0.0,0.21052631578947367,0.7893386842105263,A2,Falcon 48 Well Plate 1500 µL,2.0,3.501,3.764,0.778,0.322,0.052,0.045,0.042,0.042,0.042,0.041,0.041,0.049,0.046,0.053,0.065
A3_2021-03-02,0.0001,3.5e-05,0.0,0.2631578947368421,0.736707105263158,A3,Falcon 48 Well Plate 1500 µL,2.0,3.49,3.77,0.755,0.315,0.054,0.044,0.04,0.04,0.04,0.038,0.038,0.045,0.043,0.049,0.063
A4_2021-03-02,0.0001,3.5e-05,0.0,0.3157894736842105,0.6840755263157895,A4,Falcon 48 Well Plate 1500 µL,2.0,3.477,3.747,0.681,0.283,0.058,0.048,0.043,0.042,0.042,0.039,0.039,0.045,0.043,0.049,0.064
A5_2021-03-02,0.0001,3.5e-05,0.0,0.3684210526315789,0.631443947368421,A5,Falcon 48 Well Plate 1500 µL,2.0,3.473,3.741,0.659,0.273,0.06,0.049,0.045,0.043,0.042,0.039,0.038,0.045,0.043,0.048,0.065
A6_2021-03-02,0.0001,3.5e-05,0.0,0.42105263157894735,0.5788123684210527,A6,Falcon 48 Well Plate 1500 µL,2.0,3.474,3.751,0.675,0.279,0.061,0.051,0.045,0.046,0.044,0.04,0.039,0.045,0.045,0.051,0.069
A7_2021-03-02,0.0001,3.5e-05,0.0,0.4736842105263158,0.5261807894736843,A7,Falcon 48 Well Plate 1500 µL,2.0,3.473,3.731,0.649,0.268,0.06,0.05,0.045,0.044,0.043,0.04,0.039,0.045,0.044,0.049,0.068
A8_2021-03-02,0.0001,3.5e-05,0.0,0.5263157894736842,0.4735492105263158,A8,Falcon 48 Well Plate 1500 µL,2.0,3.482,3.755,0.726,0.301,0.06,0.048,0.044,0.043,0.042,0.04,0.039,0.044,0.043,0.046,0.065
B1_2021-03-02,0.0001,3.5e-05,0.0,0.5789473684210527,0.42091763157894735,B1,Falcon 48 Well Plate 1500 µL,2.0,3.489,3.762,0.719,0.301,0.059,0.048,0.044,0.042,0.042,0.04,0.039,0.044,0.043,0.046,0.065
B2_2021-03-02,0.0001,3.5e-05,0.0,0.631578947368421,0.368286052631579,B2,Falcon 48 Well Plate 1500 µL,2.0,3.491,3.772,0.767,0.32,0.058,0.048,0.044,0.043,0.042,0.04,0.039,0.044,0.043,0.046,0.066
B3_2021-03-02,0.0001,3.5e-05,0.0,0.6842105263157894,0.3156544736842106,B3,Falcon 48 Well Plate 1500 µL,2.0,3.47,3.737,0.669,0.275,0.055,0.046,0.042,0.041,0.041,0.039,0.039,0.045,0.044,0.046,0.067
B4_2021-03-02,0.0001,3.5e-05,0.0,0.7368421052631579,0.2630228947368421,B4,Falcon 48 Well Plate 1500 µL,2.0,3.468,3.739,0.675,0.273,0.052,0.045,0.042,0.04,0.041,0.041,0.039,0.042,0.041,0.043,0.066
B5_2021-03-02,0.0001,3.5e-05,0.0,0.7894736842105263,0.21039131578947368,B5,Falcon 48 Well Plate 1500 µL,2.0,3.452,3.703,0.568,0.226,0.05,0.044,0.039,0.041,0.04,0.037,0.036,0.042,0.043,0.046,0.069
B6_2021-03-02,0.0001,3.5e-05,0.0,0.8421052631578947,0.1577597368421053,B6,Falcon 48 Well Plate 1500 µL,2.0,3.448,3.707,0.563,0.222,0.049,0.041,0.038,0.038,0.038,0.036,0.036,0.039,0.039,0.041,0.064
B7_2021-03-02,0.0001,3.5e-05,0.0,0.8947368421052628,0.10512815789473696,B7,Falcon 48 Well Plate 1500 µL,2.0,3.455,3.715,0.602,0.242,0.049,0.042,0.04,0.038,0.038,0.039,0.038,0.04,0.039,0.041,0.066
B8_2021-03-02,0.0001,3.5e-05,0.0,0.9473684210526316,0.052496578947368484,B8,Falcon 48 Well Plate 1500 µL,2.0,3.458,3.722,0.625,0.248,0.049,0.043,0.041,0.038,0.038,0.038,0.039,0.044,0.043,0.043,0.066
C1_2021-03-02,0.0001,3.5e-05,0.00015789473684210527,0.21052631578947367,0.7891807894736842,C1,Falcon 48 Well Plate 1500 µL,2.0,3.477,3.742,0.692,0.283,0.049,0.043,0.04,0.04,0.04,0.039,0.038,0.042,0.041,0.042,0.065
C2_2021-03-02,0.0001,3.5e-05,0.00015789473684210527,0.2631578947368421,0.7365492105263158,C2,Falcon 48 Well Plate 1500 µL,2.0,3.476,3.746,0.665,0.275,0.052,0.043,0.041,0.041,0.042,0.041,0.041,0.05,0.048,0.054,0.068
C3_2021-03-02,0.0001,3.5e-05,0.00015789473684210527,0.3157894736842105,0.6839176315789474,C3,Falcon 48 Well Plate 1500 µL,2.0,3.473,3.74,0.669,0.274,0.057,0.048,0.042,0.042,0.043,0.043,0.042,0.049,0.046,0.05,0.064
C4_2021-03-02,0.0001,3.5e-05,0.00015789473684210527,0.3684210526315789,0.6312860526315789,C4,Falcon 48 Well Plate 1500 µL,2.0,3.511,3.785,0.661,0.297,0.1,0.085,0.076,0.072,0.074,0.074,0.072,0.077,0.075,0.079,0.099
C5_2021-03-02,0.0001,3.5e-05,0.00015789473684210527,0.42105263157894735,0.5786544736842105,C5,Falcon 48 Well Plate 1500 µL,2.0,3.529,3.778,0.69,0.326,0.136,0.127,0.123,0.125,0.122,0.117,0.116,0.124,0.121,0.126,0.142
C6_2021-03-02,0.0001,3.5e-05,0.00015789473684210527,0.4736842105263158,0.5260228947368422,C6,Falcon 48 Well Plate 1500 µL,2.0,3.455,3.716,0.593,0.241,0.059,0.049,0.044,0.042,0.041,0.039,0.038,0.044,0.042,0.046,0.064
C7_2021-03-02,0.0001,3.5e-05,0.00015789473684210527,0.5263157894736842,0.4733913157894737,C7,Falcon 48 Well Plate 1500 µL,2.0,3.466,3.731,0.622,0.255,0.06,0.049,0.046,0.043,0.042,0.041,0.04,0.045,0.043,0.046,0.065
C8_2021-03-02,0.0001,3.5e-05,0.00015789473684210527,0.5789473684210527,0.4207597368421052,C8,Falcon 48 Well Plate 1500 µL,2.0,3.47,3.733,0.636,0.259,0.058,0.05,0.044,0.042,0.041,0.04,0.039,0.044,0.043,0.046,0.066
D1_2021-03-02,0.0001,3.5e-05,0.00015789473684210527,0.631578947368421,0.3681281578947369,D1,Falcon 48 Well Plate 1500 µL,2.0,3.473,3.742,0.65,0.264,0.057,0.047,0.043,0.041,0.041,0.039,0.039,0.044,0.043,0.046,0.065
D2_2021-03-02,0.0001,3.5e-05,0.00015789473684210527,0.6842105263157894,0.3154965789473685,D2,Falcon 48 Well Plate 1500 µL,2.0,3.487,3.759,0.73,0.301,0.056,0.046,0.044,0.043,0.042,0.039,0.038,0.043,0.042,0.045,0.066
D3_2021-03-02,0.0001,3.5e-05,0.00015789473684210527,0.7368421052631579,0.262865,D3,Falcon 48 Well Plate 1500 µL,2.0,3.469,3.731,0.63,0.256,0.052,0.044,0.042,0.039,0.041,0.041,0.038,0.042,0.041,0.044,0.068
D4_2021-03-02,0.0001,3.5e-05,0.00015789473684210527,0.7894736842105263,0.21023342105263154,D4,Falcon 48 Well Plate 1500 µL,2.0,3.461,3.732,0.623,0.25,0.05,0.044,0.039,0.04,0.041,0.038,0.037,0.041,0.042,0.045,0.069
D5_2021-03-02,0.0001,3.5e-05,0.00015789473684210527,0.8421052631578947,0.15760184210526318,D5,Falcon 48 Well Plate 1500 µL,2.0,3.459,3.715,0.584,0.234,0.049,0.042,0.038,0.039,0.039,0.037,0.036,0.04,0.04,0.043,0.066
D6_2021-03-02,0.0001,3.5e-05,0.00015789473684210527,0.8947368421052628,0.10497026315789483,D6,Falcon 48 Well Plate 1500 µL,2.0,3.464,3.731,0.631,0.247,0.049,0.041,0.038,0.038,0.037,0.036,0.035,0.039,0.038,0.04,0.063
D7_2021-03-02,0.0001,3.5e-05,0.00015789473684210527,0.9473684210526316,0.052338684210526336,D7,Falcon 48 Well Plate 1500 µL,2.0,3.457,3.723,0.598,0.238,0.049,0.041,0.038,0.038,0.037,0.036,0.035,0.038,0.038,0.039,0.063
D8_2021-03-02,0.0001,3.5e-05,0.00021052631578947367,0.21052631578947367,0.7891281578947369,D8,Falcon 48 Well Plate 1500 µL,2.0,3.46,3.71,0.592,0.241,0.05,0.043,0.041,0.04,0.039,0.037,0.037,0.041,0.041,0.042,0.065
E1_2021-03-02,0.0001,3.5e-05,0.00021052631578947367,0.2631578947368421,0.7364965789473684,E1,Falcon 48 Well Plate 1500 µL,2.0,3.465,3.729,0.642,0.258,0.051,0.042,0.039,0.038,0.038,0.037,0.036,0.043,0.041,0.047,0.06
E2_2021-03-02,0.0001,3.5e-05,0.00021052631578947367,0.3157894736842105,0.683865,E2,Falcon 48 Well Plate 1500 µL,2.0,3.49,3.747,0.699,0.29,0.058,0.048,0.044,0.045,0.045,0.044,0.043,0.049,0.046,0.051,0.066
E3_2021-03-02,0.0001,3.5e-05,0.00021052631578947367,0.3684210526315789,0.6312334210526316,E3,Falcon 48 Well Plate 1500 µL,2.0,3.484,3.745,0.687,0.281,0.06,0.051,0.044,0.042,0.043,0.042,0.042,0.048,0.045,0.049,0.064
E4_2021-03-02,0.0001,3.5e-05,0.00021052631578947367,0.42105263157894735,0.5786018421052632,E4,Falcon 48 Well Plate 1500 µL,2.0,3.493,3.748,0.698,0.295,0.077,0.069,0.064,0.062,0.062,0.062,0.061,0.068,0.066,0.07,0.089
E5_2021-03-02,0.0001,3.5e-05,0.00021052631578947367,0.4736842105263158,0.5259702631578947,E5,Falcon 48 Well Plate 1500 µL,2.0,3.479,3.734,0.647,0.263,0.061,0.051,0.045,0.043,0.043,0.042,0.041,0.046,0.044,0.047,0.065
E6_2021-03-02,0.0001,3.5e-05,0.00021052631578947367,0.5263157894736842,0.4733386842105264,E6,Falcon 48 Well Plate 1500 µL,2.0,3.47,3.717,0.621,0.252,0.059,0.048,0.044,0.043,0.042,0.04,0.039,0.044,0.042,0.046,0.065
E7_2021-03-02,0.0001,3.5e-05,0.00021052631578947367,0.5789473684210527,0.4207071052631579,E7,Falcon 48 Well Plate 1500 µL,2.0,3.477,3.733,0.652,0.265,0.058,0.048,0.044,0.042,0.042,0.04,0.039,0.044,0.042,0.045,0.065
E8_2021-03-02,0.0001,3.5e-05,0.00021052631578947367,0.631578947368421,0.3680755263157896,E8,Falcon 48 Well Plate 1500 µL,2.0,3.47,3.734,0.633,0.259,0.056,0.047,0.043,0.042,0.042,0.04,0.039,0.044,0.042,0.044,0.065
F1_2021-03-02,0.0001,3.5e-05,0.00021052631578947367,0.6842105263157894,0.3154439473684212,F1,Falcon 48 Well Plate 1500 µL,2.0,3.477,3.734,0.673,0.271,0.055,0.046,0.042,0.041,0.04,0.038,0.038,0.043,0.042,0.044,0.064
F2_2021-03-02,0.0001,3.5e-05,0.00021052631578947367,0.7368421052631579,0.2628123684210527,F2,Falcon 48 Well Plate 1500 µL,2.0,3.47,3.725,0.624,0.254,0.052,0.044,0.04,0.039,0.039,0.039,0.039,0.045,0.044,0.047,0.069
F3_2021-03-02,0.0001,3.5e-05,0.00021052631578947367,0.7894736842105263,0.21018078947368424,F3,Falcon 48 Well Plate 1500 µL,2.0,3.48,3.731,0.683,0.275,0.051,0.044,0.041,0.04,0.038,0.037,0.036,0.041,0.041,0.043,0.066
F4_2021-03-02,0.0001,3.5e-05,0.00021052631578947367,0.8421052631578947,0.15754921052631587,F4,Falcon 48 Well Plate 1500 µL,2.0,3.476,3.739,0.68,0.275,0.05,0.043,0.041,0.041,0.041,0.04,0.039,0.044,0.043,0.044,0.067
F5_2021-03-02,0.0001,3.5e-05,0.00021052631578947367,0.8947368421052628,0.10491763157894753,F5,Falcon 48 Well Plate 1500 µL,2.0,3.473,3.732,0.662,0.266,0.051,0.043,0.039,0.039,0.038,0.036,0.036,0.039,0.038,0.04,0.063
F6_2021-03-02,0.0001,3.5e-05,0.00021052631578947367,0.9473684210526316,0.05228605263157904,F6,Falcon 48 Well Plate 1500 µL,2.0,3.466,3.728,0.655,0.259,0.05,0.043,0.04,0.04,0.039,0.038,0.037,0.04,0.04,0.041,0.064
F7_2021-03-02,0.0001,3.5e-05,0.0002631578947368421,0.21052631578947367,0.7890755263157895,F7,Falcon 48 Well Plate 1500 µL,2.0,3.465,3.721,0.626,0.249,0.049,0.042,0.039,0.039,0.039,0.037,0.036,0.039,0.039,0.039,0.063
F8_2021-03-02,0.0001,3.5e-05,0.0002631578947368421,0.2631578947368421,0.736443947368421,F8,Falcon 48 Well Plate 1500 µL,2.0,3.469,3.731,0.632,0.253,0.051,0.043,0.04,0.039,0.038,0.037,0.037,0.043,0.042,0.047,0.06
A1_2021-03-02,0.0001,3.5e-05,0.0002631578947368421,0.3157894736842105,0.6838123684210526,A1,Falcon 48 Well Plate 1500 µL,3.0,3.472,3.734,0.661,0.266,0.054,0.044,0.04,0.04,0.04,0.039,0.038,0.045,0.043,0.049,0.063
A2_2021-03-02,0.0001,3.5e-05,0.0002631578947368421,0.3684210526315789,0.6311807894736843,A2,Falcon 48 Well Plate 1500 µL,3.0,3.496,3.768,0.739,0.299,0.062,0.05,0.046,0.045,0.045,0.043,0.043,0.05,0.048,0.052,0.068
A3_2021-03-02,0.0001,3.5e-05,0.0002631578947368421,0.42105263157894735,0.5785492105263158,A3,Falcon 48 Well Plate 1500 µL,3.0,3.495,3.769,0.77,0.309,0.066,0.052,0.046,0.044,0.043,0.041,0.04,0.045,0.043,0.048,0.065
A4_2021-03-02,0.0001,3.5e-05,0.0002631578947368421,0.4736842105263158,0.5259176315789473,A4,Falcon 48 Well Plate 1500 µL,3.0,3.474,3.75,0.679,0.26,0.064,0.051,0.046,0.045,0.043,0.041,0.04,0.045,0.044,0.048,0.066
A5_2021-03-02,0.0001,3.5e-05,0.0002631578947368421,0.5263157894736842,0.473286052631579,A5,Falcon 48 Well Plate 1500 µL,3.0,3.459,3.719,0.631,0.229,0.061,0.051,0.046,0.043,0.042,0.04,0.04,0.045,0.044,0.048,0.067
A6_2021-03-02,0.0001,3.5e-05,0.0002631578947368421,0.5789473684210527,0.4206544736842105,A6,Falcon 48 Well Plate 1500 µL,3.0,3.462,3.729,0.647,0.229,0.061,0.05,0.046,0.046,0.043,0.04,0.04,0.047,0.047,0.051,0.071
A7_2021-03-02,0.0001,3.5e-05,0.0002631578947368421,0.631578947368421,0.3680228947368421,A7,Falcon 48 Well Plate 1500 µL,3.0,3.465,3.725,0.66,0.238,0.058,0.048,0.044,0.042,0.041,0.04,0.04,0.046,0.044,0.047,0.067
A8_2021-03-02,0.0001,3.5e-05,0.0002631578947368421,0.6842105263157894,0.31539131578947377,A8,Falcon 48 Well Plate 1500 µL,3.0,3.469,3.733,0.668,0.253,0.056,0.046,0.043,0.042,0.041,0.039,0.038,0.042,0.041,0.044,0.064
B1_2021-03-02,0.0001,3.5e-05,0.0002631578947368421,0.7368421052631579,0.2627597368421053,B1,Falcon 48 Well Plate 1500 µL,3.0,3.48,3.755,0.705,0.271,0.054,0.044,0.041,0.04,0.039,0.038,0.037,0.042,0.041,0.043,0.064
B2_2021-03-02,0.0001,3.5e-05,0.0002631578947368421,0.7894736842105263,0.2101281578947368,B2,Falcon 48 Well Plate 1500 µL,3.0,3.487,3.766,0.748,0.288,0.055,0.045,0.042,0.041,0.041,0.039,0.038,0.042,0.042,0.044,0.066
B3_2021-03-02,0.0001,3.5e-05,0.0002631578947368421,0.8421052631578947,0.15749657894736846,B3,Falcon 48 Well Plate 1500 µL,3.0,3.45,3.724,0.613,0.217,0.051,0.043,0.039,0.039,0.039,0.038,0.038,0.042,0.041,0.043,0.065
B4_2021-03-02,0.0001,3.5e-05,0.0002631578947368421,0.8947368421052628,0.1048650000000001,B4,Falcon 48 Well Plate 1500 µL,3.0,3.467,3.739,0.665,0.236,0.059,0.049,0.044,0.044,0.043,0.04,0.038,0.039,0.04,0.042,0.047
B5_2021-03-02,0.0001,3.5e-05,0.0002631578947368421,0.9473684210526316,0.052233421052631616,B5,Falcon 48 Well Plate 1500 µL,3.0,3.445,3.708,0.601,0.197,0.051,0.042,0.041,0.041,0.038,0.037,0.037,0.043,0.043,0.044,0.067
B6_2021-03-02,0.0001,3.5e-05,0.0003157894736842105,0.2631578947368421,0.7363913157894737,B6,Falcon 48 Well Plate 1500 µL,3.0,3.447,3.713,0.598,0.192,0.05,0.041,0.039,0.038,0.037,0.036,0.035,0.038,0.038,0.039,0.062
B7_2021-03-02,0.0001,3.5e-05,0.0003157894736842105,0.3157894736842105,0.6837597368421053,B7,Falcon 48 Well Plate 1500 µL,3.0,3.462,3.742,0.652,0.225,0.057,0.047,0.044,0.041,0.042,0.04,0.039,0.045,0.043,0.05,0.066
B8_2021-03-02,0.0001,3.5e-05,0.0003157894736842105,0.3684210526315789,0.6311281578947369,B8,Falcon 48 Well Plate 1500 µL,3.0,3.462,3.733,0.643,0.223,0.06,0.051,0.046,0.042,0.042,0.042,0.042,0.05,0.047,0.051,0.065
C1_2021-03-02,0.0001,3.5e-05,0.0003157894736842105,0.42105263157894735,0.5784965789473684,C1,Falcon 48 Well Plate 1500 µL,3.0,3.478,3.747,0.684,0.264,0.062,0.051,0.047,0.045,0.044,0.042,0.042,0.048,0.046,0.05,0.067
C2_2021-03-02,0.0001,3.5e-05,0.0003157894736842105,0.4736842105263158,0.5258649999999999,C2,Falcon 48 Well Plate 1500 µL,3.0,3.475,3.746,0.674,0.247,0.063,0.051,0.047,0.046,0.045,0.044,0.044,0.051,0.049,0.053,0.071
C3_2021-03-02,0.0001,3.5e-05,0.0003157894736842105,0.5263157894736842,0.4732334210526316,C3,Falcon 48 Well Plate 1500 µL,3.0,3.465,3.729,0.638,0.229,0.063,0.051,0.046,0.046,0.046,0.044,0.043,0.047,0.045,0.048,0.067
C4_2021-03-02,0.0001,3.5e-05,0.0003157894736842105,0.5789473684210527,0.4206018421052631,C4,Falcon 48 Well Plate 1500 µL,3.0,3.463,3.727,0.617,0.217,0.059,0.051,0.044,0.046,0.044,0.041,0.04,0.046,0.046,0.051,0.072
C5_2021-03-02,0.0001,3.5e-05,0.0003157894736842105,0.631578947368421,0.3679702631578947,C5,Falcon 48 Well Plate 1500 µL,3.0,3.459,3.712,0.617,0.209,0.058,0.049,0.043,0.043,0.041,0.04,0.04,0.045,0.042,0.045,0.066
C6_2021-03-02,0.0001,3.5e-05,0.0003157894736842105,0.6842105263157894,0.31533868421052635,C6,Falcon 48 Well Plate 1500 µL,3.0,3.453,3.715,0.594,0.196,0.054,0.044,0.041,0.04,0.039,0.038,0.037,0.041,0.041,0.043,0.064
C7_2021-03-02,0.0001,3.5e-05,0.0003157894736842105,0.7368421052631579,0.2627071052631579,C7,Falcon 48 Well Plate 1500 µL,3.0,3.455,3.718,0.607,0.205,0.052,0.044,0.04,0.04,0.04,0.037,0.036,0.041,0.041,0.045,0.068
C8_2021-03-02,0.0001,3.5e-05,0.0003157894736842105,0.7894736842105263,0.2100755263157894,C8,Falcon 48 Well Plate 1500 µL,3.0,3.459,3.725,0.622,0.21,0.052,0.045,0.04,0.039,0.039,0.038,0.037,0.042,0.041,0.043,0.066
D1_2021-03-02,0.0001,3.5e-05,0.0003157894736842105,0.8421052631578947,0.15744394736842104,D1,Falcon 48 Well Plate 1500 µL,3.0,3.461,3.717,0.618,0.214,0.05,0.041,0.039,0.039,0.039,0.038,0.038,0.042,0.042,0.044,0.067
D2_2021-03-02,0.0001,3.5e-05,0.0003157894736842105,0.8947368421052628,0.10481236842105268,D2,Falcon 48 Well Plate 1500 µL,3.0,3.47,3.732,0.657,0.237,0.053,0.046,0.041,0.04,0.039,0.037,0.037,0.042,0.042,0.044,0.068
D3_2021-03-02,0.0001,3.5e-05,0.0003157894736842105,0.9473684210526316,0.052180789473684215,D3,Falcon 48 Well Plate 1500 µL,3.0,3.456,3.722,0.623,0.22,0.051,0.044,0.041,0.039,0.039,0.039,0.04,0.044,0.043,0.043,0.066
D4_2021-03-02,0.0001,3.5e-05,0.00036842105263157896,0.2631578947368421,0.7363386842105264,D4,Falcon 48 Well Plate 1500 µL,3.0,3.466,3.724,0.643,0.215,0.051,0.044,0.039,0.041,0.041,0.038,0.036,0.039,0.04,0.043,0.068
D5_2021-03-02,0.0001,3.5e-05,0.00036842105263157896,0.3157894736842105,0.6837071052631579,D5,Falcon 48 Well Plate 1500 µL,3.0,3.464,3.723,0.596,0.205,0.056,0.046,0.042,0.042,0.04,0.038,0.038,0.045,0.044,0.05,0.064
D6_2021-03-02,0.0001,3.5e-05,0.00036842105263157896,0.3684210526315789,0.6310755263157894,D6,Falcon 48 Well Plate 1500 µL,3.0,3.463,3.726,0.622,0.212,0.059,0.048,0.043,0.042,0.041,0.039,0.038,0.044,0.042,0.047,0.063
D7_2021-03-02,0.0001,3.5e-05,0.00036842105263157896,0.42105263157894735,0.5784439473684211,D7,Falcon 48 Well Plate 1500 µL,3.0,3.463,3.724,0.602,0.208,0.06,0.049,0.044,0.043,0.041,0.039,0.039,0.045,0.043,0.048,0.065
D8_2021-03-02,0.0001,3.5e-05,0.00036842105263157896,0.4736842105263158,0.5258123684210527,D8,Falcon 48 Well Plate 1500 µL,3.0,3.475,3.742,0.667,0.235,0.062,0.05,0.045,0.045,0.043,0.04,0.039,0.044,0.043,0.048,0.066
E1_2021-03-02,0.0001,3.5e-05,0.00036842105263157896,0.5263157894736842,0.4731807894736842,E1,Falcon 48 Well Plate 1500 µL,3.0,3.469,3.728,0.65,0.231,0.062,0.051,0.046,0.044,0.042,0.04,0.039,0.044,0.043,0.046,0.065
E2_2021-03-02,0.0001,3.5e-05,0.00036842105263157896,0.5789473684210527,0.4205492105263158,E2,Falcon 48 Well Plate 1500 µL,3.0,3.473,3.745,0.666,0.246,0.061,0.051,0.047,0.045,0.043,0.04,0.04,0.045,0.044,0.048,0.068
E3_2021-03-02,0.0001,3.5e-05,0.00036842105263157896,0.631578947368421,0.3679176315789474,E3,Falcon 48 Well Plate 1500 µL,3.0,3.475,3.732,0.653,0.233,0.061,0.05,0.046,0.046,0.046,0.044,0.043,0.046,0.044,0.047,0.067
E4_2021-03-02,0.0001,3.5e-05,0.00036842105263157896,0.6842105263157894,0.31528605263157905,E4,Falcon 48 Well Plate 1500 µL,3.0,3.465,3.729,0.623,0.214,0.056,0.046,0.042,0.042,0.043,0.041,0.04,0.044,0.042,0.044,0.065
E5_2021-03-02,0.0001,3.5e-05,0.00036842105263157896,0.7368421052631579,0.2626544736842106,E5,Falcon 48 Well Plate 1500 µL,3.0,3.462,3.735,0.628,0.211,0.053,0.045,0.041,0.04,0.04,0.039,0.039,0.043,0.041,0.043,0.064
E6_2021-03-02,0.0001,3.5e-05,0.00036842105263157896,0.7894736842105263,0.2100228947368421,E6,Falcon 48 Well Plate 1500 µL,3.0,3.462,3.728,0.627,0.206,0.052,0.043,0.04,0.039,0.039,0.037,0.037,0.041,0.04,0.042,0.064
E7_2021-03-02,0.0001,3.5e-05,0.00036842105263157896,0.8421052631578947,0.15739131578947374,E7,Falcon 48 Well Plate 1500 µL,3.0,3.464,3.724,0.628,0.208,0.051,0.042,0.039,0.039,0.039,0.037,0.036,0.04,0.039,0.041,0.063
E8_2021-03-02,0.0001,3.5e-05,0.00036842105263157896,0.8947368421052628,0.10475973684210538,E8,Falcon 48 Well Plate 1500 µL,3.0,3.451,3.721,0.587,0.2,0.05,0.041,0.039,0.039,0.038,0.037,0.036,0.039,0.039,0.04,0.063
F1_2021-03-02,0.0001,3.5e-05,0.00036842105263157896,0.9473684210526316,0.0521281578947369,F1,Falcon 48 Well Plate 1500 µL,3.0,3.465,3.725,0.632,0.218,0.051,0.042,0.039,0.039,0.039,0.037,0.036,0.039,0.039,0.039,0.062
F2_2021-03-02,0.0001,3.5e-05,0.00042105263157894734,0.2631578947368421,0.7362860526315791,F2,Falcon 48 Well Plate 1500 µL,3.0,3.463,3.722,0.609,0.215,0.052,0.043,0.039,0.039,0.038,0.038,0.038,0.042,0.042,0.044,0.068
F3_2021-03-02,0.0001,3.5e-05,0.00042105263157894734,0.3157894736842105,0.6836544736842105,F3,Falcon 48 Well Plate 1500 µL,3.0,3.476,3.741,0.646,0.232,0.054,0.046,0.043,0.041,0.04,0.038,0.038,0.044,0.043,0.049,0.064
F4_2021-03-02,0.0001,3.5e-05,0.00042105263157894734,0.3684210526315789,0.6310228947368421,F4,Falcon 48 Well Plate 1500 µL,3.0,3.463,3.727,0.617,0.222,0.059,0.049,0.045,0.044,0.044,0.042,0.042,0.049,0.046,0.051,0.066
F5_2021-03-02,0.0001,3.5e-05,0.00042105263157894734,0.42105263157894735,0.5783913157894738,F5,Falcon 48 Well Plate 1500 µL,3.0,3.47,3.733,0.645,0.228,0.062,0.05,0.045,0.043,0.042,0.04,0.039,0.044,0.043,0.047,0.064
F6_2021-03-02,0.0001,3.5e-05,0.00042105263157894734,0.4736842105263158,0.5257597368421053,F6,Falcon 48 Well Plate 1500 µL,3.0,3.47,3.724,0.636,0.222,0.062,0.051,0.047,0.045,0.044,0.042,0.041,0.047,0.045,0.049,0.066
F7_2021-03-02,0.0001,3.5e-05,0.00042105263157894734,0.5263157894736842,0.4731281578947368,F7,Falcon 48 Well Plate 1500 µL,3.0,3.469,3.734,0.634,0.223,0.063,0.051,0.047,0.045,0.044,0.042,0.041,0.046,0.044,0.047,0.066
F8_2021-03-02,0.0001,3.5e-05,0.00042105263157894734,0.5789473684210527,0.4204965789473684,F8,Falcon 48 Well Plate 1500 µL,3.0,3.473,3.726,0.644,0.227,0.061,0.05,0.045,0.044,0.042,0.04,0.04,0.044,0.043,0.046,0.066
A1_2021-03-02,0.0001,3.5e-05,0.00042105263157894734,0.631578947368421,0.367865,A1,Falcon 48 Well Plate 1500 µL,5.0,3.463,3.718,0.613,0.214,0.057,0.046,0.043,0.042,0.042,0.04,0.04,0.045,0.044,0.047,0.067
A2_2021-03-02,0.0001,3.5e-05,0.00042105263157894734,0.6842105263157894,0.31523342105263163,A2,Falcon 48 Well Plate 1500 µL,5.0,3.496,3.775,0.78,0.324,0.056,0.047,0.044,0.043,0.043,0.042,0.041,0.046,0.045,0.048,0.069
A3_2021-03-02,0.0001,3.5e-05,0.00042105263157894734,0.7368421052631579,0.2626018421052632,A3,Falcon 48 Well Plate 1500 µL,5.0,3.487,3.758,0.754,0.313,0.053,0.044,0.04,0.04,0.04,0.038,0.037,0.042,0.041,0.043,0.064
A4_2021-03-02,0.0001,3.5e-05,0.00042105263157894734,0.7894736842105263,0.2099702631578947,A4,Falcon 48 Well Plate 1500 µL,5.0,3.468,3.734,0.664,0.272,0.05,0.043,0.039,0.039,0.039,0.037,0.037,0.041,0.04,0.042,0.065
A5_2021-03-02,0.0001,3.5e-05,0.00042105263157894734,0.8421052631578947,0.15733868421052633,A5,Falcon 48 Well Plate 1500 µL,5.0,3.458,3.729,0.627,0.254,0.049,0.042,0.039,0.039,0.038,0.036,0.036,0.04,0.039,0.041,0.064
A6_2021-03-02,0.0001,3.5e-05,0.00042105263157894734,0.8947368421052628,0.10470710526315796,A6,Falcon 48 Well Plate 1500 µL,5.0,3.466,3.73,0.653,0.263,0.05,0.043,0.039,0.041,0.04,0.037,0.036,0.04,0.041,0.043,0.067
A7_2021-03-02,0.0001,3.5e-05,0.00042105263157894734,0.9473684210526316,0.05207552631578949,A7,Falcon 48 Well Plate 1500 µL,5.0,3.461,3.72,0.631,0.255,0.049,0.041,0.038,0.039,0.038,0.036,0.036,0.039,0.04,0.041,0.065
A8_2021-03-02,0.0001,3.5e-05,0.0004736842105263158,0.2631578947368421,0.7362334210526316,A8,Falcon 48 Well Plate 1500 µL,5.0,3.477,3.739,0.697,0.284,0.05,0.041,0.038,0.039,0.038,0.037,0.036,0.038,0.038,0.039,0.062
B1_2021-03-02,0.0001,3.5e-05,0.0004736842105263158,0.3157894736842105,0.6836018421052632,B1,Falcon 48 Well Plate 1500 µL,5.0,3.484,3.752,0.711,0.294,0.056,0.046,0.042,0.041,0.04,0.038,0.038,0.044,0.042,0.048,0.062
B2_2021-03-02,0.0001,3.5e-05,0.0004736842105263158,0.3684210526315789,0.6309702631578948,B2,Falcon 48 Well Plate 1500 µL,5.0,3.501,3.767,0.781,0.327,0.061,0.049,0.044,0.043,0.042,0.04,0.04,0.045,0.044,0.049,0.065
B3_2021-03-02,0.0001,3.5e-05,0.0004736842105263158,0.42105263157894735,0.5783386842105264,B3,Falcon 48 Well Plate 1500 µL,5.0,3.506,3.764,0.711,0.317,0.098,0.09,0.087,0.086,0.085,0.083,0.083,0.09,0.089,0.095,0.109
B4_2021-03-02,0.0001,3.5e-05,0.0004736842105263158,0.4736842105263158,0.5257071052631579,B4,Falcon 48 Well Plate 1500 µL,5.0,3.478,3.746,0.698,0.288,0.063,0.053,0.048,0.044,0.045,0.043,0.042,0.046,0.043,0.048,0.067
B5_2021-03-02,0.0001,3.5e-05,0.0004736842105263158,0.5263157894736842,0.4730755263157895,B5,Falcon 48 Well Plate 1500 µL,5.0,3.465,3.719,0.598,0.244,0.063,0.053,0.046,0.047,0.045,0.041,0.04,0.046,0.046,0.051,0.07
B6_2021-03-02,0.0001,3.5e-05,0.0004736842105263158,0.5789473684210527,0.42044394736842106,B6,Falcon 48 Well Plate 1500 µL,5.0,3.459,3.71,0.586,0.237,0.058,0.048,0.044,0.042,0.041,0.039,0.039,0.043,0.042,0.046,0.066
B7_2021-03-02,0.0001,3.5e-05,0.0004736842105263158,0.631578947368421,0.3678123684210527,B7,Falcon 48 Well Plate 1500 µL,5.0,3.462,3.723,0.623,0.255,0.057,0.047,0.045,0.042,0.042,0.042,0.041,0.044,0.042,0.046,0.068
B8_2021-03-02,0.0001,3.5e-05,0.0004736842105263158,0.6842105263157894,0.31518078947368433,B8,Falcon 48 Well Plate 1500 µL,5.0,3.462,3.733,0.634,0.254,0.054,0.046,0.043,0.04,0.04,0.04,0.041,0.047,0.045,0.047,0.067
C1_2021-03-02,0.0001,3.5e-05,0.0004736842105263158,0.7368421052631579,0.26254921052631586,C1,Falcon 48 Well Plate 1500 µL,5.0,3.479,3.738,0.695,0.284,0.052,0.045,0.042,0.042,0.042,0.04,0.04,0.045,0.044,0.046,0.067
C2_2021-03-02,0.0001,3.5e-05,0.0004736842105263158,0.7894736842105263,0.20991763157894736,C2,Falcon 48 Well Plate 1500 µL,5.0,3.472,3.738,0.659,0.271,0.05,0.042,0.04,0.04,0.041,0.04,0.04,0.046,0.045,0.047,0.07
C3_2021-03-02,0.0001,3.5e-05,0.0004736842105263158,0.8421052631578947,0.15728605263157902,C3,Falcon 48 Well Plate 1500 µL,5.0,3.467,3.736,0.652,0.263,0.051,0.044,0.039,0.04,0.041,0.04,0.04,0.043,0.042,0.043,0.065
C4_2021-03-02,0.0001,3.5e-05,0.0004736842105263158,0.8947368421052628,0.10465447368421066,C4,Falcon 48 Well Plate 1500 µL,5.0,3.459,3.71,0.592,0.239,0.051,0.044,0.041,0.039,0.042,0.041,0.038,0.041,0.041,0.044,0.069
C5_2021-03-02,0.0001,3.5e-05,0.0004736842105263158,0.9473684210526316,0.052022894736842185,C5,Falcon 48 Well Plate 1500 µL,5.0,3.453,3.723,0.594,0.237,0.049,0.042,0.038,0.039,0.038,0.036,0.037,0.041,0.039,0.04,0.063
C6_2021-03-02,0.0001,3.5e-05,0.0005263157894736842,0.3157894736842105,0.6835492105263158,C6,Falcon 48 Well Plate 1500 µL,5.0,3.448,3.703,0.566,0.223,0.048,0.04,0.037,0.037,0.037,0.035,0.035,0.037,0.037,0.038,0.062
C7_2021-03-02,0.0001,3.5e-05,0.0005263157894736842,0.3684210526315789,0.6309176315789473,C7,Falcon 48 Well Plate 1500 µL,5.0,3.484,3.74,0.632,0.267,0.073,0.062,0.058,0.054,0.055,0.056,0.055,0.06,0.057,0.061,0.079
C8_2021-03-02,0.0001,3.5e-05,0.0005263157894736842,0.42105263157894735,0.578286052631579,C8,Falcon 48 Well Plate 1500 µL,5.0,3.476,3.723,0.639,0.262,0.06,0.051,0.044,0.042,0.041,0.039,0.038,0.044,0.042,0.047,0.064
D1_2021-03-02,0.0001,3.5e-05,0.0005263157894736842,0.4736842105263158,0.5256544736842106,D1,Falcon 48 Well Plate 1500 µL,5.0,3.481,3.721,0.672,0.277,0.063,0.051,0.045,0.043,0.043,0.041,0.04,0.046,0.044,0.048,0.066
D2_2021-03-02,0.0001,3.5e-05,0.0005263157894736842,0.5263157894736842,0.4730228947368421,D2,Falcon 48 Well Plate 1500 µL,5.0,3.492,3.75,0.735,0.307,0.062,0.051,0.048,0.046,0.044,0.041,0.04,0.044,0.043,0.048,0.067
D3_2021-03-02,0.0001,3.5e-05,0.0005263157894736842,0.5789473684210527,0.4203913157894736,D3,Falcon 48 Well Plate 1500 µL,5.0,3.481,3.733,0.652,0.27,0.061,0.051,0.048,0.044,0.045,0.044,0.042,0.045,0.043,0.048,0.069
D4_2021-03-02,0.0001,3.5e-05,0.0005263157894736842,0.631578947368421,0.3677597368421053,D4,Falcon 48 Well Plate 1500 µL,5.0,3.473,3.724,0.638,0.259,0.056,0.049,0.043,0.043,0.044,0.041,0.039,0.043,0.043,0.048,0.07
D5_2021-03-02,0.0001,3.5e-05,0.0005263157894736842,0.6842105263157894,0.3151281578947369,D5,Falcon 48 Well Plate 1500 µL,5.0,3.461,3.726,0.594,0.238,0.051,0.043,0.04,0.04,0.04,0.037,0.037,0.042,0.041,0.045,0.067
D6_2021-03-02,0.0001,3.5e-05,0.0005263157894736842,0.7368421052631579,0.26249657894736844,D6,Falcon 48 Well Plate 1500 µL,5.0,3.468,3.721,0.633,0.248,0.049,0.041,0.038,0.038,0.038,0.036,0.036,0.04,0.039,0.042,0.064
D7_2021-03-02,0.0001,3.5e-05,0.0005263157894736842,0.7894736842105263,0.209865,D7,Falcon 48 Well Plate 1500 µL,5.0,3.465,3.718,0.606,0.24,0.049,0.041,0.038,0.038,0.038,0.036,0.036,0.039,0.039,0.041,0.063
D8_2021-03-02,0.0001,3.5e-05,0.0005263157894736842,0.8421052631578947,0.1572334210526316,D8,Falcon 48 Well Plate 1500 µL,5.0,3.459,3.714,0.586,0.236,0.049,0.041,0.039,0.038,0.037,0.036,0.036,0.041,0.041,0.043,0.065
E1_2021-03-02,0.0001,3.5e-05,0.0005263157894736842,0.8947368421052628,0.10460184210526324,E1,Falcon 48 Well Plate 1500 µL,5.0,3.468,3.724,0.645,0.258,0.05,0.041,0.039,0.039,0.038,0.037,0.036,0.039,0.038,0.04,0.063
E2_2021-03-02,0.0001,3.5e-05,0.0005263157894736842,0.9473684210526316,0.05197026315789477,E2,Falcon 48 Well Plate 1500 µL,5.0,3.482,3.746,0.69,0.282,0.051,0.042,0.039,0.04,0.041,0.039,0.037,0.04,0.039,0.039,0.063
E3_2021-03-02,0.0001,3.5e-05,0.0005789473684210527,0.3157894736842105,0.6834965789473684,E3,Falcon 48 Well Plate 1500 µL,5.0,3.474,3.729,0.666,0.267,0.051,0.044,0.04,0.039,0.039,0.039,0.039,0.042,0.041,0.04,0.063
E4_2021-03-02,0.0001,3.5e-05,0.0005789473684210527,0.3684210526315789,0.630865,E4,Falcon 48 Well Plate 1500 µL,5.0,3.481,3.745,0.686,0.278,0.059,0.05,0.044,0.042,0.042,0.041,0.041,0.048,0.045,0.049,0.064
E5_2021-03-02,0.0001,3.5e-05,0.0005789473684210527,0.42105263157894735,0.5782334210526316,E5,Falcon 48 Well Plate 1500 µL,5.0,3.572,3.826,0.755,0.366,0.159,0.15,0.145,0.143,0.141,0.136,0.135,0.141,0.139,0.144,0.155
E6_2021-03-02,0.0001,3.5e-05,0.0005789473684210527,0.4736842105263158,0.5256018421052632,E6,Falcon 48 Well Plate 1500 µL,5.0,3.473,3.725,0.632,0.257,0.061,0.049,0.045,0.043,0.042,0.04,0.039,0.044,0.042,0.046,0.064
E7_2021-03-02,0.0001,3.5e-05,0.0005789473684210527,0.5263157894736842,0.4729702631578948,E7,Falcon 48 Well Plate 1500 µL,5.0,3.483,3.732,0.663,0.27,0.062,0.051,0.046,0.044,0.043,0.041,0.04,0.045,0.043,0.046,0.065
E8_2021-03-02,0.0001,3.5e-05,0.0005789473684210527,0.5789473684210527,0.4203386842105264,E8,Falcon 48 Well Plate 1500 µL,5.0,3.474,3.734,0.643,0.264,0.06,0.049,0.045,0.044,0.043,0.041,0.04,0.045,0.043,0.046,0.065
F1_2021-03-02,0.0001,3.5e-05,0.0005789473684210527,0.631578947368421,0.3677071052631579,F1,Falcon 48 Well Plate 1500 µL,5.0,3.475,3.743,0.682,0.278,0.057,0.047,0.043,0.042,0.041,0.039,0.039,0.043,0.042,0.045,0.065
F2_2021-03-02,0.0001,3.5e-05,0.0005789473684210527,0.6842105263157894,0.3150755263157896,F2,Falcon 48 Well Plate 1500 µL,5.0,3.469,3.717,0.622,0.253,0.052,0.044,0.04,0.039,0.039,0.038,0.039,0.045,0.044,0.048,0.069
F3_2021-03-02,0.0001,3.5e-05,0.0005789473684210527,0.7368421052631579,0.26244394736842114,F3,Falcon 48 Well Plate 1500 µL,5.0,3.48,3.738,0.685,0.277,0.051,0.044,0.041,0.04,0.039,0.037,0.036,0.041,0.041,0.044,0.066
F4_2021-03-02,0.0001,3.5e-05,0.0005789473684210527,0.7894736842105263,0.20981236842105264,F4,Falcon 48 Well Plate 1500 µL,5.0,3.476,3.741,0.683,0.275,0.05,0.043,0.04,0.041,0.041,0.04,0.039,0.044,0.043,0.044,0.066
F5_2021-03-02,0.0001,3.5e-05,0.0005789473684210527,0.8421052631578947,0.1571807894736843,F5,Falcon 48 Well Plate 1500 µL,5.0,3.471,3.743,0.666,0.267,0.051,0.043,0.039,0.039,0.038,0.037,0.036,0.039,0.039,0.04,0.063
F6_2021-03-02,0.0001,3.5e-05,0.0005789473684210527,0.8947368421052628,0.10454921052631594,F6,Falcon 48 Well Plate 1500 µL,5.0,3.473,3.729,0.655,0.259,0.05,0.043,0.04,0.04,0.039,0.038,0.037,0.041,0.04,0.041,0.065
F7_2021-03-02,0.0001,3.5e-05,0.0005789473684210527,0.9473684210526316,0.051917631578947465,F7,Falcon 48 Well Plate 1500 µL,5.0,3.47,3.733,0.634,0.254,0.05,0.042,0.04,0.039,0.039,0.037,0.037,0.04,0.039,0.04,0.063
F8_2021-03-02,0.0001,3.5e-05,0.0006315789473684211,0.3157894736842105,0.6834439473684211,F8,Falcon 48 Well Plate 1500 µL,5.0,3.466,3.735,0.636,0.255,0.049,0.041,0.038,0.038,0.037,0.036,0.035,0.038,0.037,0.038,0.062
A1_2021-03-02,0.0001,3.5e-05,0.0006315789473684211,0.3684210526315789,0.6308123684210527,A1,Falcon 48 Well Plate 1500 µL,6.0,3.476,3.749,0.67,0.271,0.057,0.046,0.042,0.041,0.041,0.039,0.039,0.045,0.043,0.048,0.064
A2_2021-03-02,0.0001,3.5e-05,0.0006315789473684211,0.42105263157894735,0.5781807894736842,A2,Falcon 48 Well Plate 1500 µL,6.0,3.496,3.778,0.791,0.328,0.061,0.05,0.046,0.046,0.045,0.043,0.043,0.049,0.048,0.052,0.068
A3_2021-03-02,0.0001,3.5e-05,0.0006315789473684211,0.4736842105263158,0.5255492105263158,A3,Falcon 48 Well Plate 1500 µL,6.0,3.632,3.907,0.976,0.501,0.232,0.22,0.215,0.213,0.208,0.202,0.2,0.205,0.204,0.21,0.22
A4_2021-03-02,0.0001,3.5e-05,0.0006315789473684211,0.5263157894736842,0.4729176315789474,A4,Falcon 48 Well Plate 1500 µL,6.0,3.49,3.773,0.822,0.341,0.065,0.053,0.048,0.045,0.043,0.041,0.041,0.045,0.044,0.047,0.066
A5_2021-03-02,0.0001,3.5e-05,0.0006315789473684211,0.5789473684210527,0.4202860526315789,A5,Falcon 48 Well Plate 1500 µL,6.0,3.483,3.766,0.766,0.315,0.062,0.051,0.047,0.044,0.043,0.04,0.04,0.044,0.043,0.047,0.066
A6_2021-03-02,0.0001,3.5e-05,0.0006315789473684211,0.631578947368421,0.36765447368421056,A6,Falcon 48 Well Plate 1500 µL,6.0,3.467,3.745,0.682,0.273,0.058,0.048,0.046,0.043,0.041,0.04,0.041,0.047,0.046,0.049,0.069
A7_2021-03-02,0.0001,3.5e-05,0.0006315789473684211,0.6842105263157894,0.3150228947368422,A7,Falcon 48 Well Plate 1500 µL,6.0,3.473,3.748,0.731,0.292,0.053,0.044,0.04,0.04,0.041,0.039,0.039,0.043,0.042,0.044,0.065
A8_2021-03-02,0.0001,3.5e-05,0.0006315789473684211,0.7368421052631579,0.2623913157894737,A8,Falcon 48 Well Plate 1500 µL,6.0,3.484,3.761,0.793,0.321,0.053,0.044,0.041,0.04,0.039,0.037,0.037,0.041,0.04,0.043,0.064
B1_2021-03-02,0.0001,3.5e-05,0.0006315789473684211,0.7894736842105263,0.20975973684210525,B1,Falcon 48 Well Plate 1500 µL,6.0,3.489,3.764,0.804,0.325,0.052,0.042,0.039,0.039,0.038,0.037,0.036,0.04,0.04,0.042,0.063
B2_2021-03-02,0.0001,3.5e-05,0.0006315789473684211,0.8421052631578947,0.1571281578947369,B2,Falcon 48 Well Plate 1500 µL,6.0,3.488,3.764,0.783,0.319,0.052,0.044,0.041,0.041,0.04,0.039,0.038,0.042,0.041,0.043,0.065
B3_2021-03-02,0.0001,3.5e-05,0.0006315789473684211,0.8947368421052628,0.10449657894736852,B3,Falcon 48 Well Plate 1500 µL,6.0,3.481,3.76,0.749,0.3,0.051,0.043,0.041,0.041,0.04,0.038,0.037,0.04,0.04,0.041,0.063
B4_2021-03-02,0.0001,3.5e-05,0.0006315789473684211,0.9473684210526316,0.05186500000000005,B4,Falcon 48 Well Plate 1500 µL,6.0,3.468,3.748,0.694,0.275,0.051,0.042,0.041,0.041,0.039,0.036,0.037,0.042,0.042,0.044,0.068
B5_2021-03-02,0.0001,3.5e-05,0.0006842105263157894,0.3684210526315789,0.6307597368421053,B5,Falcon 48 Well Plate 1500 µL,6.0,3.466,3.751,0.695,0.274,0.052,0.042,0.041,0.04,0.038,0.036,0.037,0.042,0.042,0.043,0.065
B6_2021-03-02,0.0001,3.5e-05,0.0006842105263157894,0.42105263157894735,0.5781281578947368,B6,Falcon 48 Well Plate 1500 µL,6.0,3.469,3.755,0.712,0.284,0.061,0.049,0.044,0.042,0.041,0.039,0.038,0.044,0.043,0.047,0.064
B7_2021-03-02,0.0001,3.5e-05,0.0006842105263157894,0.4736842105263158,0.5254965789473685,B7,Falcon 48 Well Plate 1500 µL,6.0,3.57,3.828,0.829,0.396,0.16,0.14,0.13,0.124,0.12,0.121,0.122,0.127,0.124,0.125,0.142
B8_2021-03-02,0.0001,3.5e-05,0.0006842105263157894,0.5263157894736842,0.472865,B8,Falcon 48 Well Plate 1500 µL,6.0,3.479,3.746,0.715,0.289,0.064,0.051,0.047,0.047,0.046,0.043,0.041,0.045,0.043,0.047,0.065
C1_2021-03-02,0.0001,3.5e-05,0.0006842105263157894,0.5789473684210527,0.4202334210526315,C1,Falcon 48 Well Plate 1500 µL,6.0,3.486,3.756,0.743,0.302,0.061,0.052,0.048,0.046,0.045,0.043,0.042,0.048,0.046,0.049,0.068
C2_2021-03-02,0.0001,3.5e-05,0.0006842105263157894,0.631578947368421,0.3676018421052632,C2,Falcon 48 Well Plate 1500 µL,6.0,3.497,3.77,0.81,0.333,0.059,0.049,0.046,0.045,0.045,0.043,0.043,0.048,0.047,0.05,0.069
C3_2021-03-02,0.0001,3.5e-05,0.0006842105263157894,0.6842105263157894,0.3149702631578948,C3,Falcon 48 Well Plate 1500 µL,6.0,3.482,3.76,0.752,0.302,0.054,0.044,0.042,0.043,0.042,0.04,0.039,0.043,0.041,0.044,0.065
C4_2021-03-02,0.0001,3.5e-05,0.0006842105263157894,0.7368421052631579,0.2623386842105263,C4,Falcon 48 Well Plate 1500 µL,6.0,3.468,3.74,0.685,0.271,0.052,0.045,0.042,0.039,0.039,0.04,0.041,0.046,0.044,0.045,0.066
C5_2021-03-02,0.0001,3.5e-05,0.0006842105263157894,0.7894736842105263,0.20970710526315786,C5,Falcon 48 Well Plate 1500 µL,6.0,3.473,3.755,0.723,0.283,0.052,0.043,0.039,0.039,0.04,0.038,0.036,0.04,0.04,0.043,0.067
C6_2021-03-02,0.0001,3.5e-05,0.0006842105263157894,0.8421052631578947,0.15707552631578947,C6,Falcon 48 Well Plate 1500 µL,6.0,3.473,3.747,0.719,0.282,0.051,0.042,0.038,0.038,0.037,0.036,0.036,0.039,0.038,0.04,0.062
C7_2021-03-02,0.0001,3.5e-05,0.0006842105263157894,0.8947368421052628,0.10444394736842112,C7,Falcon 48 Well Plate 1500 µL,6.0,3.469,3.741,0.718,0.285,0.051,0.042,0.04,0.039,0.037,0.036,0.037,0.041,0.041,0.042,0.064
C8_2021-03-02,0.0001,3.5e-05,0.0006842105263157894,0.9473684210526316,0.051812368421052635,C8,Falcon 48 Well Plate 1500 µL,6.0,3.482,3.745,0.706,0.288,0.064,0.054,0.051,0.051,0.049,0.046,0.045,0.048,0.047,0.049,0.072
D1_2021-03-02,0.0001,3.5e-05,0.0007368421052631579,0.3684210526315789,0.6307071052631579,D1,Falcon 48 Well Plate 1500 µL,6.0,3.479,3.75,0.712,0.282,0.05,0.041,0.038,0.038,0.038,0.037,0.037,0.04,0.04,0.041,0.064
D2_2021-03-02,0.0001,3.5e-05,0.0007368421052631579,0.42105263157894735,0.5780755263157895,D2,Falcon 48 Well Plate 1500 µL,6.0,3.489,3.774,0.783,0.323,0.061,0.05,0.044,0.042,0.041,0.04,0.04,0.046,0.045,0.05,0.066
D3_2021-03-02,0.0001,3.5e-05,0.0007368421052631579,0.4736842105263158,0.5254439473684211,D3,Falcon 48 Well Plate 1500 µL,6.0,3.488,3.771,0.744,0.307,0.064,0.051,0.046,0.046,0.046,0.043,0.042,0.046,0.044,0.047,0.065
D4_2021-03-02,0.0001,3.5e-05,0.0007368421052631579,0.5263157894736842,0.4728123684210527,D4,Falcon 48 Well Plate 1500 µL,6.0,3.483,3.756,0.72,0.291,0.062,0.053,0.046,0.044,0.045,0.044,0.043,0.048,0.045,0.048,0.065
D5_2021-03-02,0.0001,3.5e-05,0.0007368421052631579,0.5789473684210527,0.4201807894736842,D5,Falcon 48 Well Plate 1500 µL,6.0,3.485,3.761,0.742,0.297,0.061,0.049,0.046,0.044,0.042,0.04,0.04,0.046,0.045,0.048,0.067
D6_2021-03-02,0.0001,3.5e-05,0.0007368421052631579,0.631578947368421,0.36754921052631584,D6,Falcon 48 Well Plate 1500 µL,6.0,3.469,3.751,0.702,0.279,0.057,0.046,0.042,0.041,0.04,0.038,0.038,0.042,0.041,0.044,0.064
D7_2021-03-02,0.0001,3.5e-05,0.0007368421052631579,0.6842105263157894,0.3149176315789475,D7,Falcon 48 Well Plate 1500 µL,6.0,3.479,3.752,0.731,0.293,0.056,0.046,0.042,0.041,0.04,0.039,0.038,0.043,0.042,0.044,0.065
D8_2021-03-02,0.0001,3.5e-05,0.0007368421052631579,0.7368421052631579,0.26228605263157895,D8,Falcon 48 Well Plate 1500 µL,6.0,3.484,3.752,0.755,0.305,0.053,0.043,0.04,0.041,0.04,0.038,0.037,0.041,0.04,0.042,0.064
E1_2021-03-02,0.0001,3.5e-05,0.0007368421052631579,0.7894736842105263,0.20965447368421053,E1,Falcon 48 Well Plate 1500 µL,6.0,3.486,3.751,0.757,0.302,0.053,0.043,0.039,0.038,0.038,0.036,0.036,0.04,0.04,0.042,0.064
E2_2021-03-02,0.0001,3.5e-05,0.0007368421052631579,0.8421052631578947,0.15702289473684214,E2,Falcon 48 Well Plate 1500 µL,6.0,3.48,3.747,0.743,0.298,0.052,0.045,0.04,0.039,0.038,0.037,0.037,0.041,0.041,0.043,0.064
E3_2021-03-02,0.0001,3.5e-05,0.0007368421052631579,0.8947368421052628,0.1043913157894738,E3,Falcon 48 Well Plate 1500 µL,6.0,3.478,3.756,0.715,0.285,0.051,0.043,0.042,0.041,0.04,0.037,0.036,0.039,0.039,0.041,0.064
E4_2021-03-02,0.0001,3.5e-05,0.0007368421052631579,0.9473684210526316,0.05175973684210533,E4,Falcon 48 Well Plate 1500 µL,6.0,3.467,3.738,0.665,0.262,0.051,0.043,0.042,0.041,0.04,0.037,0.036,0.039,0.039,0.04,0.064
E5_2021-03-02,0.0001,3.5e-05,0.0007894736842105264,0.3684210526315789,0.6306544736842106,E5,Falcon 48 Well Plate 1500 µL,6.0,3.474,3.746,0.681,0.27,0.051,0.042,0.039,0.039,0.039,0.037,0.036,0.038,0.038,0.039,0.062
E6_2021-03-02,0.0001,3.5e-05,0.0007894736842105264,0.42105263157894735,0.5780228947368422,E6,Falcon 48 Well Plate 1500 µL,6.0,3.483,3.761,0.728,0.292,0.061,0.049,0.044,0.042,0.041,0.039,0.038,0.044,0.042,0.046,0.063
E7_2021-03-02,0.0001,3.5e-05,0.0007894736842105264,0.4736842105263158,0.5253913157894737,E7,Falcon 48 Well Plate 1500 µL,6.0,3.488,3.762,0.753,0.307,0.063,0.051,0.046,0.044,0.042,0.04,0.039,0.044,0.043,0.046,0.064
E8_2021-03-02,0.0001,3.5e-05,0.0007894736842105264,0.5263157894736842,0.4727597368421053,E8,Falcon 48 Well Plate 1500 µL,6.0,3.491,3.761,0.761,0.314,0.063,0.051,0.046,0.044,0.043,0.04,0.039,0.044,0.043,0.046,0.064
F1_2021-03-02,0.0001,3.5e-05,0.0007894736842105264,0.5789473684210527,0.4201281578947368,F1,Falcon 48 Well Plate 1500 µL,6.0,3.485,3.759,0.741,0.298,0.06,0.05,0.045,0.043,0.042,0.039,0.039,0.043,0.042,0.045,0.064
F2_2021-03-02,0.0001,3.5e-05,0.0007894736842105264,0.631578947368421,0.3674965789473684,F2,Falcon 48 Well Plate 1500 µL,6.0,3.482,3.76,0.726,0.296,0.058,0.047,0.043,0.043,0.043,0.042,0.042,0.048,0.047,0.05,0.069
F3_2021-03-02,0.0001,3.5e-05,0.0007894736842105264,0.6842105263157894,0.3148650000000001,F3,Falcon 48 Well Plate 1500 µL,6.0,3.476,3.756,0.689,0.277,0.055,0.047,0.043,0.041,0.04,0.038,0.038,0.043,0.043,0.046,0.067
F4_2021-03-02,0.0001,3.5e-05,0.0007894736842105264,0.7368421052631579,0.2622334210526316,F4,Falcon 48 Well Plate 1500 µL,6.0,3.479,3.746,0.708,0.282,0.053,0.045,0.043,0.043,0.042,0.041,0.04,0.045,0.044,0.046,0.067
F5_2021-03-02,0.0001,3.5e-05,0.0007894736842105264,0.7894736842105263,0.20960184210526311,F5,Falcon 48 Well Plate 1500 µL,6.0,3.481,3.758,0.735,0.293,0.052,0.042,0.039,0.039,0.038,0.037,0.036,0.04,0.04,0.042,0.063
F6_2021-03-02,0.0001,3.5e-05,0.0007894736842105264,0.8421052631578947,0.15697026315789475,F6,Falcon 48 Well Plate 1500 µL,6.0,3.478,3.756,0.736,0.292,0.052,0.044,0.041,0.04,0.04,0.038,0.037,0.041,0.04,0.042,0.063
F7_2021-03-02,0.0001,3.5e-05,0.0007894736842105264,0.8947368421052628,0.1043386842105264,F7,Falcon 48 Well Plate 1500 µL,6.0,3.478,3.737,0.689,0.275,0.051,0.042,0.039,0.039,0.038,0.037,0.036,0.04,0.039,0.04,0.063
F8_2021-03-02,0.0001,3.5e-05,0.0007894736842105264,0.9473684210526316,0.051707105263157915,F8,Falcon 48 Well Plate 1500 µL,6.0,3.479,3.762,0.74,0.297,0.052,0.043,0.04,0.039,0.039,0.037,0.037,0.039,0.039,0.04,0.063
A1_2021-03-02,0.0001,3.5e-05,0.0008421052631578947,0.3684210526315789,0.6306018421052632,A1,Falcon 48 Well Plate 1500 µL,9.0,3.482,3.764,0.771,0.311,0.052,0.043,0.04,0.04,0.04,0.039,0.038,0.041,0.041,0.041,0.064
A2_2021-03-02,0.0001,3.5e-05,0.0008421052631578947,0.42105263157894735,0.5779702631578947,A2,Falcon 48 Well Plate 1500 µL,9.0,3.501,3.765,0.795,0.331,0.061,0.05,0.047,0.046,0.045,0.043,0.043,0.05,0.048,0.052,0.068
A3_2021-03-02,0.0001,3.5e-05,0.0008421052631578947,0.4736842105263158,0.5253386842105263,A3,Falcon 48 Well Plate 1500 µL,9.0,3.493,3.777,0.796,0.33,0.063,0.051,0.046,0.044,0.043,0.04,0.04,0.046,0.045,0.05,0.067
A4_2021-03-02,0.0001,3.5e-05,0.0008421052631578947,0.5263157894736842,0.472707105263158,A4,Falcon 48 Well Plate 1500 µL,9.0,3.498,3.774,0.816,0.34,0.064,0.052,0.047,0.045,0.043,0.041,0.04,0.045,0.043,0.047,0.065
A5_2021-03-02,0.0001,3.5e-05,0.0008421052631578947,0.5789473684210527,0.4200755263157895,A5,Falcon 48 Well Plate 1500 µL,9.0,3.482,3.765,0.763,0.312,0.062,0.051,0.046,0.044,0.042,0.04,0.039,0.044,0.043,0.047,0.067
A6_2021-03-02,0.0001,3.5e-05,0.0008421052631578947,0.631578947368421,0.3674439473684211,A6,Falcon 48 Well Plate 1500 µL,9.0,3.47,3.749,0.688,0.275,0.059,0.049,0.047,0.043,0.041,0.04,0.041,0.048,0.046,0.049,0.069
A7_2021-03-02,0.0001,3.5e-05,0.0008421052631578947,0.6842105263157894,0.3148123684210528,A7,Falcon 48 Well Plate 1500 µL,9.0,3.482,3.756,0.74,0.297,0.057,0.047,0.043,0.043,0.043,0.041,0.04,0.045,0.043,0.046,0.066
A8_2021-03-02,0.0001,3.5e-05,0.0008421052631578947,0.7368421052631579,0.2621807894736843,A8,Falcon 48 Well Plate 1500 µL,9.0,3.484,3.772,0.788,0.319,0.054,0.045,0.041,0.04,0.039,0.037,0.037,0.041,0.04,0.043,0.064
B1_2021-03-02,0.0001,3.5e-05,0.0008421052631578947,0.7894736842105263,0.2095492105263158,B1,Falcon 48 Well Plate 1500 µL,9.0,3.489,3.766,0.809,0.328,0.053,0.043,0.04,0.039,0.039,0.037,0.037,0.04,0.04,0.042,0.063
B2_2021-03-02,0.0001,3.5e-05,0.0008421052631578947,0.8421052631578947,0.15691763157894745,B2,Falcon 48 Well Plate 1500 µL,9.0,3.488,3.772,0.787,0.321,0.052,0.043,0.04,0.04,0.039,0.038,0.037,0.041,0.041,0.043,0.065
B3_2021-03-02,0.0001,3.5e-05,0.0008421052631578947,0.8947368421052628,0.10428605263157907,B3,Falcon 48 Well Plate 1500 µL,9.0,3.48,3.767,0.751,0.303,0.051,0.043,0.041,0.041,0.04,0.038,0.037,0.04,0.039,0.041,0.063
B4_2021-03-02,0.0001,3.5e-05,0.0008421052631578947,0.9473684210526316,0.05165447368421061,B4,Falcon 48 Well Plate 1500 µL,9.0,3.473,3.745,0.695,0.276,0.052,0.043,0.042,0.042,0.039,0.037,0.037,0.042,0.043,0.045,0.068
B5_2021-03-02,0.0001,3.5e-05,0.0008947368421052633,0.42105263157894735,0.5779176315789474,B5,Falcon 48 Well Plate 1500 µL,9.0,3.468,3.749,0.697,0.276,0.053,0.043,0.042,0.041,0.038,0.037,0.038,0.042,0.042,0.043,0.065
B6_2021-03-02,0.0001,3.5e-05,0.0008947368421052633,0.4736842105263158,0.525286052631579,B6,Falcon 48 Well Plate 1500 µL,9.0,3.477,3.751,0.714,0.287,0.063,0.051,0.046,0.044,0.043,0.04,0.04,0.045,0.043,0.047,0.064
B7_2021-03-02,0.0001,3.5e-05,0.0008947368421052633,0.5263157894736842,0.4726544736842106,B7,Falcon 48 Well Plate 1500 µL,9.0,3.476,3.759,0.708,0.29,0.064,0.052,0.049,0.046,0.043,0.042,0.042,0.05,0.048,0.051,0.069
B8_2021-03-02,0.0001,3.5e-05,0.0008947368421052633,0.5789473684210527,0.4200228947368421,B8,Falcon 48 Well Plate 1500 µL,9.0,3.48,3.759,0.708,0.285,0.061,0.05,0.046,0.046,0.045,0.042,0.04,0.044,0.043,0.046,0.065
C1_2021-03-02,0.0001,3.5e-05,0.0008947368421052633,0.631578947368421,0.3673913157894737,C1,Falcon 48 Well Plate 1500 µL,9.0,3.478,3.747,0.738,0.3,0.062,0.053,0.05,0.049,0.048,0.046,0.045,0.05,0.049,0.052,0.071
C2_2021-03-02,0.0001,3.5e-05,0.0008947368421052633,0.6842105263157894,0.3147597368421053,C2,Falcon 48 Well Plate 1500 µL,9.0,3.494,3.775,0.807,0.332,0.057,0.048,0.045,0.044,0.044,0.043,0.042,0.048,0.046,0.049,0.07
C3_2021-03-02,0.0001,3.5e-05,0.0008947368421052633,0.7368421052631579,0.2621281578947369,C3,Falcon 48 Well Plate 1500 µL,9.0,3.48,3.76,0.747,0.302,0.054,0.044,0.042,0.043,0.042,0.04,0.039,0.042,0.041,0.043,0.065
C4_2021-03-02,0.0001,3.5e-05,0.0008947368421052633,0.7894736842105263,0.2094965789473684,C4,Falcon 48 Well Plate 1500 µL,9.0,3.476,3.742,0.685,0.272,0.052,0.045,0.042,0.039,0.04,0.04,0.041,0.046,0.044,0.045,0.066
C5_2021-03-02,0.0001,3.5e-05,0.0008947368421052633,0.8421052631578947,0.15686500000000006,C5,Falcon 48 Well Plate 1500 µL,9.0,3.475,3.752,0.728,0.286,0.053,0.044,0.04,0.04,0.04,0.038,0.037,0.04,0.04,0.043,0.067
C6_2021-03-02,0.0001,3.5e-05,0.0008947368421052633,0.8947368421052628,0.10423342105263167,C6,Falcon 48 Well Plate 1500 µL,9.0,3.476,3.748,0.708,0.276,0.052,0.043,0.039,0.039,0.038,0.037,0.036,0.039,0.038,0.04,0.062
C7_2021-03-02,0.0001,3.5e-05,0.0008947368421052633,0.9473684210526316,0.0516018421052632,C7,Falcon 48 Well Plate 1500 µL,9.0,3.476,3.756,0.724,0.289,0.051,0.042,0.04,0.039,0.038,0.036,0.037,0.041,0.041,0.041,0.064
C8_2021-03-02,0.0001,3.5e-05,0.0009473684210526316,0.42105263157894735,0.5778650000000001,C8,Falcon 48 Well Plate 1500 µL,9.0,3.475,3.745,0.696,0.277,0.052,0.043,0.041,0.041,0.039,0.037,0.036,0.039,0.039,0.041,0.065
D1_2021-03-02,0.0001,3.5e-05,0.0009473684210526316,0.4736842105263158,0.5252334210526316,D1,Falcon 48 Well Plate 1500 µL,9.0,3.492,3.763,0.742,0.302,0.063,0.051,0.046,0.045,0.045,0.043,0.043,0.049,0.047,0.051,0.069
D2_2021-03-02,0.0001,3.5e-05,0.0009473684210526316,0.5263157894736842,0.4726018421052632,D2,Falcon 48 Well Plate 1500 µL,9.0,3.493,3.773,0.794,0.328,0.063,0.052,0.045,0.043,0.042,0.041,0.041,0.047,0.046,0.05,0.068
D3_2021-03-02,0.0001,3.5e-05,0.0009473684210526316,0.5789473684210527,0.4199702631578948,D3,Falcon 48 Well Plate 1500 µL,9.0,3.49,3.771,0.728,0.299,0.062,0.05,0.045,0.046,0.045,0.043,0.041,0.045,0.043,0.046,0.066
D4_2021-03-02,0.0001,3.5e-05,0.0009473684210526316,0.631578947368421,0.3673386842105264,D4,Falcon 48 Well Plate 1500 µL,9.0,3.484,3.759,0.711,0.285,0.059,0.051,0.044,0.043,0.044,0.043,0.042,0.047,0.044,0.046,0.066
D5_2021-03-02,0.0001,3.5e-05,0.0009473684210526316,0.6842105263157894,0.31470710526315804,D5,Falcon 48 Well Plate 1500 µL,9.0,3.483,3.752,0.732,0.291,0.057,0.046,0.044,0.042,0.041,0.039,0.039,0.044,0.043,0.046,0.066
D6_2021-03-02,0.0001,3.5e-05,0.0009473684210526316,0.7368421052631579,0.2620755263157896,D6,Falcon 48 Well Plate 1500 µL,9.0,3.477,3.745,0.694,0.273,0.053,0.044,0.041,0.04,0.039,0.038,0.037,0.041,0.04,0.043,0.064
D7_2021-03-02,0.0001,3.5e-05,0.0009473684210526316,0.7894736842105263,0.2094439473684211,D7,Falcon 48 Well Plate 1500 µL,9.0,3.475,3.749,0.724,0.289,0.052,0.043,0.04,0.039,0.038,0.037,0.037,0.041,0.04,0.042,0.064
D8_2021-03-02,0.0001,3.5e-05,0.0009473684210526316,0.8421052631578947,0.15681236842105273,D8,Falcon 48 Well Plate 1500 µL,9.0,3.483,3.768,0.758,0.307,0.054,0.043,0.041,0.041,0.04,0.038,0.037,0.039,0.038,0.04,0.054
E1_2021-03-02,0.0001,3.5e-05,0.0009473684210526316,0.8947368421052628,0.10418078947368437,E1,Falcon 48 Well Plate 1500 µL,9.0,3.484,3.763,0.76,0.303,0.053,0.044,0.04,0.039,0.038,0.037,0.036,0.039,0.039,0.04,0.055
E2_2021-03-02,0.0001,3.5e-05,0.0009473684210526316,0.9473684210526316,0.051549210526315885,E2,Falcon 48 Well Plate 1500 µL,9.0,3.486,3.77,0.748,0.301,0.052,0.045,0.04,0.039,0.038,0.037,0.037,0.04,0.039,0.041,0.056
E3_2021-03-02,0.0001,3.5e-05,0.001,0.42105263157894735,0.5778123684210527,E3,Falcon 48 Well Plate 1500 µL,9.0,3.484,3.762,0.719,0.288,0.051,0.044,0.042,0.041,0.04,0.037,0.036,0.038,0.038,0.039,0.055
E4_2021-03-02,0.0001,3.5e-05,0.001,0.4736842105263158,0.5251807894736842,E4,Falcon 48 Well Plate 1500 µL,9.0,3.475,3.744,0.67,0.266,0.054,0.045,0.044,0.043,0.042,0.039,0.038,0.042,0.041,0.046,0.055
E5_2021-03-02,0.0001,3.5e-05,0.001,0.5263157894736842,0.4725492105263158,E5,Falcon 48 Well Plate 1500 µL,9.0,3.477,3.753,0.684,0.273,0.053,0.044,0.041,0.041,0.04,0.038,0.037,0.042,0.04,0.044,0.053
E6_2021-03-02,0.0001,3.5e-05,0.001,0.5789473684210527,0.41991763157894735,E6,Falcon 48 Well Plate 1500 µL,9.0,3.487,3.758,0.723,0.291,0.063,0.051,0.046,0.044,0.042,0.04,0.039,0.043,0.042,0.045,0.059
E7_2021-03-02,0.0001,3.5e-05,0.001,0.631578947368421,0.367286052631579,E7,Falcon 48 Well Plate 1500 µL,9.0,3.491,3.756,0.75,0.3,0.059,0.048,0.044,0.043,0.041,0.039,0.038,0.043,0.041,0.044,0.064
E8_2021-03-02,0.0001,3.5e-05,0.001,0.6842105263157894,0.3146544736842106,E8,Falcon 48 Well Plate 1500 µL,9.0,3.486,3.755,0.744,0.302,0.056,0.046,0.043,0.042,0.04,0.038,0.038,0.042,0.041,0.043,0.064
F1_2021-03-02,0.0001,3.5e-05,0.001,0.7368421052631579,0.2620228947368421,F1,Falcon 48 Well Plate 1500 µL,9.0,3.481,3.752,0.731,0.292,0.055,0.046,0.042,0.041,0.04,0.038,0.038,0.042,0.041,0.043,0.064
F2_2021-03-02,0.0001,3.5e-05,0.001,0.7894736842105263,0.20939131578947368,F2,Falcon 48 Well Plate 1500 µL,9.0,3.491,3.761,0.729,0.297,0.058,0.047,0.043,0.043,0.043,0.042,0.041,0.046,0.045,0.047,0.06
F3_2021-03-02,0.0001,3.5e-05,0.001,0.8421052631578947,0.1567597368421053,F3,Falcon 48 Well Plate 1500 µL,9.0,3.474,3.744,0.677,0.271,0.052,0.045,0.041,0.04,0.039,0.037,0.037,0.041,0.041,0.043,0.061
F4_2021-03-02,0.0001,3.5e-05,0.001,0.8947368421052628,0.10412815789473696,F4,Falcon 48 Well Plate 1500 µL,9.0,3.474,3.747,0.704,0.279,0.052,0.044,0.042,0.042,0.042,0.04,0.04,0.043,0.042,0.044,0.061
F5_2021-03-02,0.0001,3.5e-05,0.001,0.9473684210526316,0.05149657894736848,F5,Falcon 48 Well Plate 1500 µL,9.0,3.479,3.76,0.736,0.294,0.052,0.042,0.039,0.039,0.039,0.037,0.036,0.039,0.038,0.039,0.055
,,,,,,,,,3.478,3.755,0.736,0.291,0.053,0.044,0.041,0.041,0.04,0.038,0.037,0.039,0.039,0.039,0.052
,,,,,,,,,3.474,3.74,0.693,0.282,0.061,0.052,0.049,0.048,0.047,0.045,0.044,0.044,0.044,0.044,0.044
,,,,,,,,,3.485,3.751,0.75,0.306,0.062,0.052,0.048,0.048,0.047,0.045,0.044,0.044,0.043,0.043,0.044
,,,,,,,,,3.486,3.76,0.78,0.322,0.062,0.052,0.049,0.049,0.049,0.047,0.046,0.046,0.046,0.046,0.046
