UID,dppc wtf,dspepeg200 wtf,pfh wtf,ethanol wtf,water wtf,Well,Labware,Slot,200nm,250nm,300nm,350nm,400nm,450nm,500nm,550nm,600nm,650nm,700nm,750nm,800nm,850nm,900nm
S2_A1_05-03-2021_Right,0.0001,3.5e-05,0.0,0.2222222222222222,0.7776427777777778,A1,Falcon 48 Well Plate 1500 µL,2,3.492,3.748,0.754,0.313,0.052,0.044,0.042,0.043,0.042,0.041,0.04,0.043,0.042,0.042,0.053
S2_A2_05-03-2021_Right,0.0001,3.5e-05,0.0,0.3333333333333333,0.6665316666666667,A2,Falcon 48 Well Plate 1500 µL,2,3.502,3.751,0.807,0.343,0.074,0.057,0.05,0.047,0.045,0.042,0.042,0.054,0.051,0.061,0.096
S2_A3_05-03-2021_Right,0.0001,3.5e-05,0.0,0.4444444444444444,0.5554205555555556,A3,Falcon 48 Well Plate 1500 µL,2,3.508,3.746,0.833,0.36,0.081,0.065,0.059,0.055,0.052,0.05,0.049,0.06,0.058,0.065,0.103
S2_A4_05-03-2021_Right,0.0001,3.5e-05,0.0,0.5555555555555556,0.4443094444444444,A4,Falcon 48 Well Plate 1500 µL,2,3.482,3.73,0.755,0.315,0.065,0.053,0.048,0.045,0.044,0.041,0.041,0.05,0.049,0.055,0.097
S2_A5_05-03-2021_Right,0.0001,3.5e-05,0.0,0.6666666666666666,0.3331983333333334,A5,Falcon 48 Well Plate 1500 µL,2,3.459,3.699,0.654,0.261,0.05,0.042,0.041,0.039,0.037,0.037,0.039,0.05,0.049,0.053,0.097
S2_A6_05-03-2021_Right,0.0001,3.5e-05,0.0,0.7777777777777777,0.22208722222222232,A6,Falcon 48 Well Plate 1500 µL,2,3.472,3.724,0.715,0.289,0.051,0.042,0.038,0.039,0.039,0.039,0.038,0.046,0.044,0.048,0.094
S2_A7_05-03-2021_Right,0.0001,3.5e-05,0.0,0.8888888888888888,0.11097611111111116,A7,Falcon 48 Well Plate 1500 µL,2,3.478,3.735,0.772,0.316,0.051,0.042,0.039,0.038,0.037,0.036,0.036,0.042,0.041,0.043,0.09
S2_A8_05-03-2021_Right,0.0001,3.5e-05,0.0001111111111111111,0.2222222222222222,0.7775316666666667,A8,Falcon 48 Well Plate 1500 µL,2,3.485,3.76,0.786,0.323,0.053,0.043,0.04,0.039,0.038,0.037,0.036,0.037,0.037,0.037,0.049
S2_B1_05-03-2021_Right,0.0001,3.5e-05,0.0001111111111111111,0.3333333333333333,0.6664205555555556,B1,Falcon 48 Well Plate 1500 µL,2,OVRFLW,OVRFLW,1.849,1.367,1.085,1.061,1.046,1.035,1.028,1.019,1.018,1.021,1.01,1.009,1.038
S2_B2_05-03-2021_Right,0.0001,3.5e-05,0.0001111111111111111,0.4444444444444444,0.5553094444444444,B2,Falcon 48 Well Plate 1500 µL,2,3.488,3.732,0.783,0.332,0.074,0.059,0.054,0.051,0.049,0.046,0.044,0.054,0.051,0.058,0.095
S2_B3_05-03-2021_Right,0.0001,3.5e-05,0.0001111111111111111,0.5555555555555556,0.44419833333333336,B3,Falcon 48 Well Plate 1500 µL,2,3.478,3.719,0.709,0.291,0.065,0.052,0.049,0.047,0.044,0.041,0.042,0.053,0.052,0.059,0.1
S2_B4_05-03-2021_Right,0.0001,3.5e-05,0.0001111111111111111,0.6666666666666666,0.3330872222222223,B4,Falcon 48 Well Plate 1500 µL,2,3.462,3.719,0.686,0.274,0.051,0.041,0.041,0.04,0.038,0.037,0.038,0.049,0.048,0.052,0.096
S2_B5_05-03-2021_Right,0.0001,3.5e-05,0.0001111111111111111,0.7777777777777777,0.22197611111111126,B5,Falcon 48 Well Plate 1500 µL,2,3.464,3.71,0.679,0.271,0.051,0.041,0.038,0.038,0.037,0.036,0.036,0.043,0.043,0.046,0.092
S2_B6_05-03-2021_Right,0.0001,3.5e-05,0.0001111111111111111,0.8888888888888888,0.1108650000000001,B6,Falcon 48 Well Plate 1500 µL,2,3.459,3.721,0.676,0.276,0.051,0.042,0.042,0.04,0.038,0.037,0.039,0.047,0.047,0.048,0.095
S2_B7_05-03-2021_Right,0.0001,3.5e-05,0.0002222222222222222,0.2222222222222222,0.7774205555555556,B7,Falcon 48 Well Plate 1500 µL,2,3.467,3.737,0.688,0.278,0.053,0.043,0.041,0.042,0.041,0.039,0.037,0.037,0.036,0.037,0.049
S2_B8_05-03-2021_Right,0.0001,3.5e-05,0.0002222222222222222,0.3333333333333333,0.6663094444444444,B8,Falcon 48 Well Plate 1500 µL,2,3.505,3.77,0.76,0.322,0.077,0.064,0.057,0.054,0.052,0.05,0.049,0.061,0.058,0.067,0.101
S2_C1_05-03-2021_Right,0.0001,3.5e-05,0.0002222222222222222,0.4444444444444444,0.5551983333333333,C1,Falcon 48 Well Plate 1500 µL,2,3.505,3.752,0.829,0.354,0.076,0.061,0.055,0.052,0.051,0.048,0.048,0.059,0.056,0.062,0.1
S2_C2_05-03-2021_Right,0.0001,3.5e-05,0.0002222222222222222,0.5555555555555556,0.4440872222222222,C2,Falcon 48 Well Plate 1500 µL,2,3.484,3.735,0.758,0.314,0.065,0.051,0.048,0.048,0.047,0.044,0.042,0.051,0.048,0.054,0.096
S2_C3_05-03-2021_Right,0.0001,3.5e-05,0.0002222222222222222,0.6666666666666666,0.33297611111111114,C3,Falcon 48 Well Plate 1500 µL,2,3.462,3.712,0.67,0.27,0.05,0.043,0.04,0.038,0.038,0.04,0.041,0.05,0.048,0.051,0.094
S2_C4_05-03-2021_Right,0.0001,3.5e-05,0.0002222222222222222,0.7777777777777777,0.2218650000000001,C4,Falcon 48 Well Plate 1500 µL,2,3.47,3.717,0.708,0.281,0.051,0.042,0.038,0.038,0.039,0.037,0.036,0.043,0.043,0.048,0.095
S2_C5_05-03-2021_Right,0.0001,3.5e-05,0.0002222222222222222,0.8888888888888888,0.11075388888888893,C5,Falcon 48 Well Plate 1500 µL,2,3.469,3.718,0.698,0.277,0.05,0.041,0.037,0.037,0.037,0.036,0.035,0.041,0.041,0.042,0.089
S2_C6_05-03-2021_Right,0.0001,3.5e-05,0.0003333333333333334,0.2222222222222222,0.7773094444444445,C6,Falcon 48 Well Plate 1500 µL,2,3.478,3.752,0.705,0.285,0.051,0.042,0.04,0.039,0.037,0.036,0.036,0.038,0.038,0.039,0.049
S2_C7_05-03-2021_Right,0.0001,3.5e-05,0.0003333333333333334,0.3333333333333333,0.6661983333333333,C7,Falcon 48 Well Plate 1500 µL,2,OVRFLW,OVRFLW,1.715,1.272,1.034,1.018,1.006,1.004,1,0.983,0.985,0.985,0.975,0.971,1
S2_C8_05-03-2021_Right,0.0001,3.5e-05,0.0003333333333333334,0.4444444444444444,0.5550872222222223,C8,Falcon 48 Well Plate 1500 µL,2,3.493,3.739,0.759,0.323,0.078,0.062,0.055,0.053,0.052,0.05,0.049,0.059,0.056,0.063,0.099
S2_D1_05-03-2021_Right,0.0001,3.5e-05,0.0003333333333333334,0.5555555555555556,0.4439761111111111,D1,Falcon 48 Well Plate 1500 µL,2,3.494,3.743,0.774,0.324,0.065,0.053,0.046,0.044,0.043,0.042,0.042,0.052,0.051,0.057,0.098
S2_D2_05-03-2021_Right,0.0001,3.5e-05,0.0003333333333333334,0.6666666666666666,0.3328650000000001,D2,Falcon 48 Well Plate 1500 µL,2,3.475,3.725,0.69,0.28,0.051,0.042,0.039,0.041,0.041,0.04,0.038,0.046,0.044,0.048,0.093
S2_D3_05-03-2021_Right,0.0001,3.5e-05,0.0003333333333333334,0.7777777777777777,0.22175388888888906,D3,Falcon 48 Well Plate 1500 µL,2,3.472,3.723,0.683,0.274,0.05,0.044,0.039,0.038,0.04,0.04,0.04,0.048,0.045,0.047,0.093
S2_D4_05-03-2021_Right,0.0001,3.5e-05,0.0003333333333333334,0.8888888888888888,0.11064277777777788,D4,Falcon 48 Well Plate 1500 µL,2,3.468,3.718,0.705,0.281,0.051,0.041,0.039,0.038,0.037,0.036,0.037,0.044,0.043,0.045,0.092
S2_D5_05-03-2021_Right,0.0001,3.5e-05,0.0004444444444444444,0.3333333333333333,0.6660872222222223,D5,Falcon 48 Well Plate 1500 µL,2,3.487,3.711,0.738,0.31,0.078,0.061,0.053,0.049,0.047,0.044,0.043,0.054,0.051,0.06,0.095
S2_D6_05-03-2021_Right,0.0001,3.5e-05,0.0004444444444444444,0.4444444444444444,0.5549761111111111,D6,Falcon 48 Well Plate 1500 µL,2,3.491,3.726,0.756,0.32,0.075,0.06,0.052,0.049,0.047,0.045,0.044,0.054,0.051,0.058,0.096
S2_D7_05-03-2021_Right,0.0001,3.5e-05,0.0004444444444444444,0.5555555555555556,0.443865,D7,Falcon 48 Well Plate 1500 µL,2,3.493,3.739,0.77,0.323,0.068,0.054,0.049,0.048,0.046,0.044,0.043,0.051,0.048,0.054,0.094
S2_D8_05-03-2021_Right,0.0001,3.5e-05,0.0004444444444444444,0.6666666666666666,0.3327538888888889,D8,Falcon 48 Well Plate 1500 µL,2,3.475,3.723,0.742,0.299,0.052,0.042,0.038,0.037,0.037,0.036,0.036,0.045,0.044,0.049,0.092
S2_E1_05-03-2021_Right,0.0001,3.5e-05,0.0004444444444444444,0.7777777777777777,0.22164277777777786,E1,Falcon 48 Well Plate 1500 µL,2,3.486,3.733,0.733,0.297,0.051,0.044,0.04,0.038,0.037,0.036,0.037,0.045,0.044,0.048,0.094
S2_E2_05-03-2021_Right,0.0001,3.5e-05,0.0004444444444444444,0.8888888888888888,0.1105316666666667,E2,Falcon 48 Well Plate 1500 µL,2,3.476,3.728,0.707,0.286,0.051,0.043,0.042,0.041,0.039,0.037,0.036,0.042,0.042,0.044,0.091
S2_E3_05-03-2021_Right,0.0001,3.5e-05,0.0005555555555555557,0.3333333333333333,0.6659761111111111,E3,Falcon 48 Well Plate 1500 µL,2,3.483,3.702,0.721,0.308,0.08,0.064,0.058,0.053,0.05,0.046,0.044,0.056,0.053,0.063,0.098
S2_E4_05-03-2021_Right,0.0001,3.5e-05,0.0005555555555555557,0.4444444444444444,0.5548649999999999,E4,Falcon 48 Well Plate 1500 µL,2,3.488,3.72,0.723,0.306,0.079,0.064,0.057,0.055,0.053,0.05,0.049,0.058,0.055,0.061,0.1
S2_E5_05-03-2021_Right,0.0001,3.5e-05,0.0005555555555555557,0.5555555555555556,0.4437538888888889,E5,Falcon 48 Well Plate 1500 µL,2,3.482,3.716,0.723,0.297,0.067,0.054,0.048,0.046,0.044,0.042,0.042,0.05,0.048,0.053,0.094
S2_E6_05-03-2021_Right,0.0001,3.5e-05,0.0005555555555555557,0.6666666666666666,0.33264277777777784,E6,Falcon 48 Well Plate 1500 µL,2,3.47,3.722,0.718,0.288,0.051,0.042,0.039,0.039,0.038,0.037,0.037,0.045,0.043,0.048,0.092
S2_E7_05-03-2021_Right,0.0001,3.5e-05,0.0005555555555555557,0.7777777777777777,0.2215316666666668,E7,Falcon 48 Well Plate 1500 µL,2,3.472,3.726,0.713,0.289,0.051,0.042,0.039,0.038,0.038,0.036,0.036,0.043,0.042,0.045,0.091
S2_E8_05-03-2021_Right,0.0001,3.5e-05,0.0005555555555555557,0.8888888888888888,0.11042055555555563,E8,Falcon 48 Well Plate 1500 µL,2,3.476,3.727,0.711,0.284,0.051,0.042,0.038,0.038,0.037,0.036,0.035,0.041,0.04,0.042,0.088
S2_F1_05-03-2021_Right,0.0001,3.5e-05,0.0006666666666666668,0.3333333333333333,0.6658649999999999,F1,Falcon 48 Well Plate 1500 µL,2,3.496,3.728,0.767,0.328,0.079,0.061,0.054,0.051,0.05,0.048,0.048,0.06,0.057,0.066,0.099
S2_F2_05-03-2021_Right,0.0001,3.5e-05,0.0006666666666666668,0.4444444444444444,0.554753888888889,F2,Falcon 48 Well Plate 1500 µL,2,3.491,3.717,0.72,0.305,0.075,0.063,0.054,0.05,0.047,0.044,0.044,0.055,0.053,0.06,0.099
S2_F3_05-03-2021_Right,0.0001,3.5e-05,0.0006666666666666668,0.5555555555555556,0.4436427777777777,F3,Falcon 48 Well Plate 1500 µL,2,3.483,3.729,0.731,0.303,0.067,0.056,0.051,0.05,0.049,0.046,0.046,0.056,0.053,0.058,0.098
S2_F4_05-03-2021_Right,0.0001,3.5e-05,0.0006666666666666668,0.6666666666666666,0.3325316666666667,F4,Falcon 48 Well Plate 1500 µL,2,3.472,3.712,0.721,0.29,0.051,0.041,0.038,0.038,0.038,0.036,0.036,0.044,0.043,0.047,0.091
S2_F5_05-03-2021_Right,0.0001,3.5e-05,0.0006666666666666668,0.7777777777777777,0.2214205555555556,F5,Falcon 48 Well Plate 1500 µL,2,3.481,3.734,0.735,0.295,0.052,0.043,0.04,0.04,0.039,0.038,0.038,0.045,0.043,0.046,0.092
S2_F6_05-03-2021_Right,0.0001,3.5e-05,0.0006666666666666668,0.8888888888888888,0.11030944444444446,F6,Falcon 48 Well Plate 1500 µL,2,3.463,3.711,0.672,0.269,0.05,0.042,0.039,0.038,0.038,0.037,0.036,0.042,0.041,0.043,0.089
S2_F7_05-03-2021_Right,0.0001,3.5e-05,0.0007777777777777777,0.3333333333333333,0.665753888888889,F7,Falcon 48 Well Plate 1500 µL,2,3.495,3.723,0.788,0.335,0.078,0.062,0.053,0.049,0.047,0.044,0.043,0.055,0.052,0.061,0.096
S2_F8_05-03-2021_Right,0.0001,3.5e-05,0.0007777777777777777,0.4444444444444444,0.5546427777777778,F8,Falcon 48 Well Plate 1500 µL,2,3.499,3.745,0.803,0.34,0.076,0.061,0.054,0.051,0.049,0.046,0.046,0.056,0.052,0.059,0.097
S3_A1_05-03-2021_Right,0.0001,3.5e-05,0.0007777777777777777,0.5555555555555556,0.44353166666666666,A1,Falcon 48 Well Plate 1500 µL,3,3.489,3.75,0.752,0.313,0.052,0.044,0.042,0.042,0.042,0.041,0.04,0.042,0.042,0.042,0.053
S3_A2_05-03-2021_Right,0.0001,3.5e-05,0.0007777777777777777,0.6666666666666666,0.3324205555555556,A2,Falcon 48 Well Plate 1500 µL,3,3.498,3.747,0.807,0.342,0.073,0.057,0.05,0.047,0.045,0.042,0.042,0.053,0.051,0.059,0.092
S3_A3_05-03-2021_Right,0.0001,3.5e-05,0.0007777777777777777,0.7777777777777777,0.22130944444444456,A3,Falcon 48 Well Plate 1500 µL,3,3.493,3.749,0.835,0.358,0.079,0.064,0.057,0.052,0.049,0.046,0.045,0.054,0.052,0.059,0.096
S3_A4_05-03-2021_Right,0.0001,3.5e-05,0.0007777777777777777,0.8888888888888888,0.1101983333333334,A4,Falcon 48 Well Plate 1500 µL,3,3.483,3.734,0.76,0.318,0.068,0.055,0.05,0.047,0.045,0.042,0.042,0.051,0.049,0.055,0.097
S3_A5_05-03-2021_Right,0.0001,3.5e-05,0.0008888888888888888,0.4444444444444444,0.5545316666666666,A5,Falcon 48 Well Plate 1500 µL,3,3.453,3.706,0.654,0.261,0.05,0.042,0.041,0.039,0.037,0.037,0.039,0.05,0.048,0.053,0.096
S3_A6_05-03-2021_Right,0.0001,3.5e-05,0.0008888888888888888,0.5555555555555556,0.4434205555555555,A6,Falcon 48 Well Plate 1500 µL,3,3.467,3.719,0.714,0.289,0.051,0.042,0.038,0.039,0.039,0.039,0.038,0.046,0.044,0.047,0.093
S3_A7_05-03-2021_Right,0.0001,3.5e-05,0.0008888888888888888,0.6666666666666666,0.33230944444444444,A7,Falcon 48 Well Plate 1500 µL,3,3.478,3.754,0.775,0.316,0.051,0.042,0.039,0.038,0.037,0.036,0.036,0.042,0.041,0.043,0.089
S3_A8_05-03-2021_Right,0.0001,3.5e-05,0.0008888888888888888,0.7777777777777777,0.22119833333333336,A8,Falcon 48 Well Plate 1500 µL,3,3.486,3.766,0.786,0.323,0.053,0.043,0.04,0.039,0.038,0.037,0.036,0.037,0.037,0.037,0.048
S3_B1_05-03-2021_Right,0.0001,3.5e-05,0.0008888888888888888,0.8888888888888888,0.11008722222222224,B1,Falcon 48 Well Plate 1500 µL,3,OVRFLW,OVRFLW,1.801,1.317,1.036,1.015,1,0.992,0.986,0.98,0.976,0.982,0.973,0.974,1.004
S3_B2_05-03-2021_Right,0.0001,3.5e-05,0.001,0.4444444444444444,0.5544205555555556,B2,Falcon 48 Well Plate 1500 µL,3,3.485,3.749,0.782,0.331,0.073,0.059,0.053,0.051,0.049,0.046,0.044,0.053,0.05,0.056,0.09
S3_B3_05-03-2021_Right,0.0001,3.5e-05,0.001,0.5555555555555556,0.4433094444444444,B3,Falcon 48 Well Plate 1500 µL,3,3.472,3.722,0.709,0.292,0.065,0.052,0.049,0.047,0.044,0.042,0.042,0.053,0.052,0.059,0.1
S3_B4_05-03-2021_Right,0.0001,3.5e-05,0.001,0.6666666666666666,0.3321983333333334,B4,Falcon 48 Well Plate 1500 µL,3,3.46,3.71,0.688,0.274,0.051,0.041,0.041,0.04,0.038,0.037,0.038,0.049,0.048,0.052,0.095
S3_B5_05-03-2021_Right,0.0001,3.5e-05,0.001,0.7777777777777777,0.22108722222222232,B5,Falcon 48 Well Plate 1500 µL,3,3.459,3.705,0.679,0.271,0.051,0.041,0.038,0.038,0.037,0.036,0.036,0.043,0.042,0.046,0.092
S3_B6_05-03-2021_Right,0.0001,3.5e-05,0.001,0.8888888888888888,0.10997611111111116,B6,Falcon 48 Well Plate 1500 µL,3,3.459,3.728,0.676,0.276,0.051,0.042,0.042,0.04,0.037,0.037,0.039,0.047,0.047,0.048,0.094
S3_B7_05-03-2021_Right,0.0,0.0,0.0,0.2223572222222222,0.7776427777777778,B7,Falcon 48 Well Plate 1500 µL,3,3.466,3.74,0.689,0.279,0.054,0.043,0.041,0.042,0.042,0.039,0.037,0.037,0.036,0.037,0.048
S3_B8_05-03-2021_Right,0.0,0.0,0.0,0.3334683333333333,0.6665316666666667,B8,Falcon 48 Well Plate 1500 µL,3,3.494,3.732,0.76,0.321,0.076,0.063,0.056,0.053,0.051,0.049,0.048,0.059,0.056,0.064,0.096
S3_C1_05-03-2021_Right,0.0,0.0,0.0,0.4445794444444444,0.5554205555555556,C1,Falcon 48 Well Plate 1500 µL,3,3.501,3.749,0.832,0.355,0.076,0.062,0.056,0.053,0.051,0.049,0.048,0.059,0.056,0.062,0.1
S3_C2_05-03-2021_Right,0.0,0.0,0.0,0.5556905555555556,0.4443094444444444,C2,Falcon 48 Well Plate 1500 µL,3,3.485,3.746,0.754,0.314,0.065,0.052,0.048,0.048,0.047,0.044,0.043,0.05,0.048,0.053,0.092
S3_C3_05-03-2021_Right,0.0,0.0,0.0,0.6668016666666666,0.3331983333333334,C3,Falcon 48 Well Plate 1500 µL,3,3.462,3.702,0.674,0.27,0.05,0.043,0.04,0.038,0.038,0.04,0.041,0.05,0.048,0.051,0.094
S3_C4_05-03-2021_Right,0.0,0.0,0.0,0.7779127777777777,0.22208722222222232,C4,Falcon 48 Well Plate 1500 µL,3,3.463,3.718,0.71,0.281,0.051,0.042,0.038,0.038,0.039,0.037,0.036,0.043,0.043,0.047,0.095
S3_C5_05-03-2021_Right,0.0,0.0,0.0,0.8890238888888888,0.11097611111111116,C5,Falcon 48 Well Plate 1500 µL,3,3.465,3.722,0.699,0.277,0.051,0.041,0.038,0.038,0.037,0.036,0.036,0.042,0.041,0.043,0.089
S3_C6_05-03-2021_Right,0.0,0.0,0.0,0.22246833333333327,0.7775316666666667,C6,Falcon 48 Well Plate 1500 µL,3,3.476,3.746,0.705,0.286,0.051,0.042,0.04,0.039,0.037,0.036,0.036,0.038,0.038,0.038,0.049
S3_C7_05-03-2021_Right,0.0,0.0,0.0,0.33357944444444443,0.6664205555555556,C7,Falcon 48 Well Plate 1500 µL,3,3.488,3.736,0.732,0.304,0.07,0.055,0.05,0.048,0.045,0.042,0.042,0.051,0.049,0.056,0.086
S3_C8_05-03-2021_Right,0.0,0.0,0.0,0.4446905555555555,0.5553094444444444,C8,Falcon 48 Well Plate 1500 µL,3,3.495,3.747,0.759,0.321,0.076,0.06,0.053,0.051,0.049,0.047,0.046,0.056,0.052,0.059,0.093
S3_D1_05-03-2021_Right,0.0,0.0,0.0,0.5558016666666666,0.44419833333333336,D1,Falcon 48 Well Plate 1500 µL,3,3.492,3.742,0.776,0.325,0.065,0.054,0.047,0.045,0.044,0.042,0.042,0.052,0.051,0.057,0.098
S3_D2_05-03-2021_Right,0.0,0.0,0.0,0.6669127777777777,0.3330872222222223,D2,Falcon 48 Well Plate 1500 µL,3,3.473,3.72,0.689,0.28,0.051,0.042,0.039,0.041,0.041,0.04,0.039,0.046,0.044,0.048,0.093
S3_D3_05-03-2021_Right,0.0,0.0,0.0,0.7780238888888887,0.22197611111111126,D3,Falcon 48 Well Plate 1500 µL,3,3.466,3.714,0.688,0.275,0.051,0.044,0.039,0.038,0.04,0.04,0.04,0.048,0.045,0.047,0.092
S3_D4_05-03-2021_Right,0.0,0.0,0.0,0.8891349999999999,0.1108650000000001,D4,Falcon 48 Well Plate 1500 µL,3,3.471,3.72,0.704,0.281,0.051,0.041,0.039,0.039,0.037,0.036,0.037,0.044,0.043,0.045,0.091
S3_D5_05-03-2021_Right,0.0,0.0,0.0,0.22257944444444444,0.7774205555555556,D5,Falcon 48 Well Plate 1500 µL,3,3.49,3.72,0.739,0.309,0.078,0.061,0.053,0.049,0.047,0.044,0.043,0.053,0.051,0.059,0.092
S3_D6_05-03-2021_Right,0.0,0.0,0.0,0.33369055555555555,0.6663094444444444,D6,Falcon 48 Well Plate 1500 µL,3,3.496,3.736,0.758,0.32,0.075,0.061,0.053,0.049,0.047,0.045,0.044,0.054,0.051,0.058,0.095
S3_D7_05-03-2021_Right,0.0,0.0,0.0,0.44480166666666665,0.5551983333333333,D7,Falcon 48 Well Plate 1500 µL,3,3.494,3.749,0.775,0.325,0.07,0.055,0.05,0.049,0.047,0.045,0.043,0.051,0.049,0.054,0.093
S3_D8_05-03-2021_Right,0.0,0.0,0.0,0.5559127777777778,0.4440872222222222,D8,Falcon 48 Well Plate 1500 µL,3,3.478,3.734,0.746,0.299,0.052,0.042,0.038,0.038,0.037,0.036,0.036,0.045,0.043,0.048,0.091
S3_E1_05-03-2021_Right,0.0,0.0,0.0,0.6670238888888889,0.33297611111111114,E1,Falcon 48 Well Plate 1500 µL,3,3.48,3.729,0.732,0.297,0.052,0.044,0.04,0.038,0.038,0.037,0.037,0.045,0.044,0.048,0.094
S3_E2_05-03-2021_Right,0.0,0.0,0.0,0.7781349999999999,0.2218650000000001,E2,Falcon 48 Well Plate 1500 µL,3,3.477,3.73,0.708,0.286,0.051,0.043,0.042,0.041,0.039,0.037,0.036,0.042,0.041,0.044,0.091
S3_E3_05-03-2021_Right,0.0,0.0,0.0,0.8892461111111111,0.11075388888888893,E3,Falcon 48 Well Plate 1500 µL,3,3.491,3.714,0.725,0.307,0.079,0.063,0.057,0.053,0.049,0.045,0.044,0.054,0.051,0.06,0.095
S3_E4_05-03-2021_Right,0.0,0.0,0.0,0.22269055555555556,0.7773094444444445,E4,Falcon 48 Well Plate 1500 µL,3,3.486,3.726,0.722,0.303,0.076,0.061,0.053,0.051,0.049,0.046,0.045,0.054,0.051,0.058,0.096
S3_E5_05-03-2021_Right,0.0,0.0,0.0,0.33380166666666666,0.6661983333333333,E5,Falcon 48 Well Plate 1500 µL,3,3.485,3.729,0.73,0.3,0.07,0.056,0.049,0.047,0.045,0.043,0.042,0.05,0.048,0.053,0.093
S3_E6_05-03-2021_Right,0.0,0.0,0.0,0.44491277777777777,0.5550872222222223,E6,Falcon 48 Well Plate 1500 µL,3,3.479,3.734,0.728,0.296,0.059,0.049,0.046,0.045,0.045,0.044,0.043,0.051,0.049,0.054,0.098
S3_E7_05-03-2021_Right,0.0,0.0,0.0,0.5560238888888889,0.4439761111111111,E7,Falcon 48 Well Plate 1500 µL,3,3.474,3.733,0.713,0.289,0.051,0.042,0.039,0.038,0.038,0.036,0.036,0.043,0.042,0.045,0.09
S3_E8_05-03-2021_Right,0.0,0.0,0.0,0.6671349999999999,0.3328650000000001,E8,Falcon 48 Well Plate 1500 µL,3,3.473,3.721,0.709,0.284,0.051,0.042,0.038,0.038,0.037,0.036,0.035,0.041,0.04,0.042,0.087
S3_F1_05-03-2021_Right,0.0,0.0,0.0,0.7782461111111109,0.22175388888888906,F1,Falcon 48 Well Plate 1500 µL,3,3.497,3.744,0.767,0.327,0.079,0.061,0.054,0.051,0.05,0.049,0.049,0.06,0.057,0.065,0.096
S3_F2_05-03-2021_Right,0.0,0.0,0.0,0.8893572222222221,0.11064277777777788,F2,Falcon 48 Well Plate 1500 µL,3,3.489,3.727,0.719,0.304,0.075,0.062,0.054,0.05,0.047,0.045,0.044,0.054,0.052,0.06,0.097
S3_F3_05-03-2021_Right,0.0,0.0,0.0,0.3339127777777778,0.6660872222222223,F3,Falcon 48 Well Plate 1500 µL,3,3.485,3.729,0.738,0.304,0.068,0.057,0.052,0.05,0.049,0.047,0.046,0.056,0.053,0.058,0.098
S3_F4_05-03-2021_Right,0.0,0.0,0.0,0.4450238888888889,0.5549761111111111,F4,Falcon 48 Well Plate 1500 µL,3,3.47,3.733,0.723,0.29,0.051,0.041,0.038,0.038,0.038,0.037,0.037,0.044,0.043,0.047,0.09
S3_F5_05-03-2021_Right,0.0,0.0,0.0,0.556135,0.443865,F5,Falcon 48 Well Plate 1500 µL,3,3.479,3.722,0.735,0.295,0.052,0.043,0.04,0.04,0.039,0.038,0.038,0.045,0.043,0.046,0.092
S3_F6_05-03-2021_Right,0.0,0.0,0.0,0.6672461111111111,0.3327538888888889,F6,Falcon 48 Well Plate 1500 µL,3,3.473,3.714,0.672,0.269,0.05,0.042,0.039,0.038,0.038,0.037,0.036,0.042,0.041,0.043,0.089
S3_F7_05-03-2021_Right,0.0,0.0,0.0,0.7783572222222221,0.22164277777777786,F7,Falcon 48 Well Plate 1500 µL,3,3.491,3.718,0.789,0.334,0.078,0.061,0.053,0.049,0.047,0.044,0.043,0.054,0.051,0.059,0.093
S3_F8_05-03-2021_Right,0.0,0.0,0.0,0.8894683333333333,0.1105316666666667,F8,Falcon 48 Well Plate 1500 µL,3,3.5,3.754,0.801,0.339,0.076,0.06,0.053,0.051,0.049,0.047,0.046,0.055,0.052,0.058,0.092
S5_A1_05-03-2021_Right,0.0,0.0,0.0,0.3340238888888889,0.6659761111111111,A1,Falcon 48 Well Plate 1500 µL,5,3.481,3.725,0.754,0.311,0.05,0.042,0.04,0.041,0.041,0.04,0.041,0.053,0.051,0.059,0.09
S5_A2_05-03-2021_Right,0.0,0.0,0.0,0.44513500000000006,0.5548649999999999,A2,Falcon 48 Well Plate 1500 µL,5,3.481,3.744,0.759,0.313,0.051,0.041,0.038,0.038,0.038,0.037,0.038,0.047,0.046,0.053,0.085
S5_A3_05-03-2021_Right,0.0,0.0,0.0,0.5562461111111111,0.4437538888888889,A3,Falcon 48 Well Plate 1500 µL,5,3.48,3.742,0.786,0.326,0.053,0.044,0.042,0.041,0.04,0.039,0.039,0.048,0.046,0.053,0.09
S5_A4_05-03-2021_Right,0.0,0.0,0.0,0.6673572222222222,0.33264277777777784,A4,Falcon 48 Well Plate 1500 µL,5,3.464,3.73,0.739,0.3,0.051,0.042,0.04,0.039,0.038,0.036,0.037,0.045,0.044,0.049,0.093
S5_A5_05-03-2021_Right,0.0,0.0,0.0,0.7784683333333332,0.2215316666666668,A5,Falcon 48 Well Plate 1500 µL,5,3.446,3.716,0.663,0.265,0.051,0.042,0.041,0.039,0.038,0.037,0.038,0.048,0.047,0.051,0.096
S5_A6_05-03-2021_Right,0.0,0.0,0.0,0.8895794444444444,0.11042055555555563,A6,Falcon 48 Well Plate 1500 µL,5,3.461,3.747,0.715,0.288,0.051,0.042,0.038,0.039,0.039,0.037,0.037,0.038,0.037,0.038,0.04
S5_A7_05-03-2021_Right,0.0,0.0,0.0,0.334135,0.6658649999999999,A7,Falcon 48 Well Plate 1500 µL,5,3.472,3.74,0.772,0.313,0.051,0.042,0.039,0.038,0.038,0.037,0.037,0.047,0.045,0.053,0.083
S5_A8_05-03-2021_Right,0.0,0.0,0.0,0.4452461111111111,0.554753888888889,A8,Falcon 48 Well Plate 1500 µL,5,3.485,3.74,0.791,0.322,0.051,0.041,0.038,0.038,0.038,0.036,0.037,0.046,0.045,0.052,0.086
S5_B1_05-03-2021_Right,0.0,0.0,0.0,0.5563572222222223,0.4436427777777777,B1,Falcon 48 Well Plate 1500 µL,5,3.484,3.745,0.778,0.32,0.051,0.043,0.04,0.04,0.039,0.038,0.038,0.047,0.045,0.051,0.087
S5_B2_05-03-2021_Right,0.0,0.0,0.0,0.6674683333333333,0.3325316666666667,B2,Falcon 48 Well Plate 1500 µL,5,3.467,3.736,0.739,0.301,0.051,0.042,0.04,0.04,0.04,0.038,0.038,0.045,0.043,0.048,0.087
S5_B3_05-03-2021_Right,0.0,0.0,0.0,0.7785794444444444,0.2214205555555556,B3,Falcon 48 Well Plate 1500 µL,5,3.456,3.719,0.687,0.276,0.051,0.042,0.041,0.041,0.038,0.037,0.037,0.047,0.047,0.051,0.098
S5_B4_05-03-2021_Right,0.0,0.0,0.0,0.8896905555555555,0.11030944444444446,B4,Falcon 48 Well Plate 1500 µL,5,3.455,3.731,0.686,0.274,0.051,0.041,0.04,0.039,0.037,0.035,0.036,0.04,0.039,0.041,0.042
S5_B5_05-03-2021_Right,0.0,0.0,0.0,0.3342461111111111,0.665753888888889,B5,Falcon 48 Well Plate 1500 µL,5,3.452,3.72,0.683,0.272,0.051,0.041,0.038,0.038,0.038,0.036,0.037,0.047,0.045,0.053,0.082
S5_B6_05-03-2021_Right,0.0,0.0,0.0,0.4453572222222222,0.5546427777777778,B6,Falcon 48 Well Plate 1500 µL,5,3.455,3.718,0.674,0.272,0.051,0.042,0.042,0.04,0.038,0.038,0.04,0.052,0.051,0.057,0.092
S5_B7_05-03-2021_Right,0.0,0.0,0.0,0.5564683333333333,0.44353166666666666,B7,Falcon 48 Well Plate 1500 µL,5,3.467,3.727,0.694,0.278,0.051,0.041,0.039,0.041,0.041,0.039,0.038,0.046,0.043,0.049,0.086
S5_B8_05-03-2021_Right,0.0,0.0,0.0,0.6675794444444444,0.3324205555555556,B8,Falcon 48 Well Plate 1500 µL,5,3.467,3.727,0.71,0.287,0.051,0.045,0.042,0.042,0.042,0.041,0.041,0.05,0.048,0.052,0.094
S5_C1_05-03-2021_Right,0.0,0.0,0.0,0.7786905555555554,0.22130944444444456,C1,Falcon 48 Well Plate 1500 µL,5,3.474,3.745,0.786,0.322,0.052,0.043,0.041,0.042,0.042,0.041,0.041,0.049,0.047,0.05,0.095
S5_C2_05-03-2021_Right,0.0,0.0,0.0,0.8898016666666666,0.1101983333333334,C2,Falcon 48 Well Plate 1500 µL,5,3.467,3.745,0.731,0.296,0.051,0.041,0.039,0.04,0.04,0.037,0.036,0.037,0.036,0.037,0.039
S5_C3_05-03-2021_Right,0.0,0.0,0.0,0.4454683333333333,0.5545316666666666,C3,Falcon 48 Well Plate 1500 µL,5,3.458,3.715,0.675,0.27,0.05,0.044,0.041,0.038,0.039,0.04,0.042,0.053,0.05,0.056,0.09
S5_C4_05-03-2021_Right,0.0,0.0,0.0,0.5565794444444445,0.4434205555555555,C4,Falcon 48 Well Plate 1500 µL,5,3.47,3.736,0.716,0.283,0.052,0.042,0.039,0.039,0.04,0.038,0.037,0.043,0.043,0.048,0.086
S5_C5_05-03-2021_Right,0.0,0.0,0.0,0.6676905555555556,0.33230944444444444,C5,Falcon 48 Well Plate 1500 µL,5,3.459,3.728,0.695,0.274,0.05,0.041,0.038,0.038,0.037,0.036,0.036,0.044,0.042,0.047,0.087
S5_C6_05-03-2021_Right,0.0,0.0,0.0,0.7788016666666666,0.22119833333333336,C6,Falcon 48 Well Plate 1500 µL,5,3.461,3.727,0.705,0.283,0.051,0.041,0.04,0.038,0.037,0.036,0.037,0.046,0.045,0.048,0.093
S5_C7_05-03-2021_Right,0.0,0.0,0.0,0.8899127777777778,0.11008722222222224,C7,Falcon 48 Well Plate 1500 µL,5,3.466,3.729,0.679,0.273,0.05,0.041,0.039,0.039,0.038,0.036,0.035,0.037,0.037,0.04,0.043
S5_C8_05-03-2021_Right,0.0,0.0,0.0,0.4455794444444444,0.5544205555555556,C8,Falcon 48 Well Plate 1500 µL,5,3.471,3.725,0.704,0.282,0.049,0.04,0.037,0.038,0.038,0.038,0.038,0.049,0.047,0.054,0.09
S5_D1_05-03-2021_Right,0.0,0.0,0.0,0.5566905555555556,0.4433094444444444,D1,Falcon 48 Well Plate 1500 µL,5,3.479,3.755,0.752,0.308,0.052,0.043,0.039,0.038,0.038,0.038,0.038,0.048,0.047,0.054,0.092
S5_D2_05-03-2021_Right,0.0,0.0,0.0,0.6678016666666666,0.3321983333333334,D2,Falcon 48 Well Plate 1500 µL,5,3.471,3.734,0.7,0.286,0.052,0.042,0.04,0.041,0.042,0.04,0.039,0.046,0.044,0.048,0.088
S5_D3_05-03-2021_Right,0.0,0.0,0.0,0.7789127777777777,0.22108722222222232,D3,Falcon 48 Well Plate 1500 µL,5,3.469,3.731,0.696,0.283,0.058,0.052,0.047,0.046,0.048,0.047,0.047,0.055,0.052,0.054,0.098
S5_D4_05-03-2021_Right,0.0,0.0,0.0,0.8900238888888888,0.10997611111111116,D4,Falcon 48 Well Plate 1500 µL,5,3.463,3.743,0.71,0.284,0.05,0.041,0.039,0.038,0.037,0.035,0.035,0.038,0.037,0.039,0.041
