UID,dppc wtf,dspepeg200 wtf,pfh wtf,ethanol wtf,water wtf,Well,Labware,Slot,dppc-ethanol-stock uL,dspepeg2000-ethanol-stock uL,pfh-ethanol-stock uL,ethanol-stock uL,water-stock uL,300.0nm,350.0nm,400.0nm,450.0nm,500.0nm,550.0nm,600.0nm,650.0nm,700.0nm,750.0nm,800.0nm,850.0nm,900.0nm
S2_A1_03-10-2021_Right,0.0001,3.5e-05,0.0,0.2222222222222222,0.7776427777777778,A1,Falcon 48 Well Plate 1500 µL,2,75.00000435450026,62.37747282124397,0.0,184.46926890273983,1166.4641666666666,0.3,0.074,0.051,0.048,0.046,0.046,0.047,0.046,0.046,0.047,0.047,0.048,0.048
S2_A2_03-10-2021_Right,0.0001,3.5e-05,0.0,0.3333333333333333,0.6665316666666667,A2,Falcon 48 Well Plate 1500 µL,2,75.00000435450026,62.37747282124397,0.0,336.0640125562333,999.7975,0.316,0.083,0.054,0.047,0.044,0.043,0.043,0.042,0.041,0.048,0.047,0.051,0.068
S2_A3_03-10-2021_Right,0.0001,3.5e-05,0.0,0.4444444444444444,0.5554205555555556,A3,Falcon 48 Well Plate 1500 µL,2,75.00000435450026,62.37747282124397,0.0,479.74070233289535,833.1308333333334,0.305,0.083,0.055,0.05,0.047,0.045,0.043,0.041,0.04,0.045,0.044,0.047,0.065
S2_A4_03-10-2021_Right,0.0001,3.5e-05,0.0,0.5555555555555556,0.4443094444444444,A4,Falcon 48 Well Plate 1500 µL,2,75.00000435450026,62.37747282124397,0.0,614.3119405837664,666.4641666666666,0.31,0.08,0.053,0.048,0.045,0.044,0.044,0.043,0.042,0.046,0.045,0.047,0.065
S2_A5_03-10-2021_Right,0.0001,3.5e-05,0.0,0.6666666666666666,0.3331983333333334,A5,Falcon 48 Well Plate 1500 µL,2,75.00000435450026,62.37747282124397,0.0,738.8328808230671,499.79750000000007,0.307,0.065,0.042,0.041,0.039,0.039,0.04,0.038,0.038,0.043,0.042,0.045,0.067
S2_A6_03-10-2021_Right,0.0001,3.5e-05,0.0,0.7777777777777777,0.22208722222222232,A6,Falcon 48 Well Plate 1500 µL,2,75.00000435450026,62.37747282124397,0.0,852.7454683203232,333.1308333333335,0.336,0.067,0.042,0.039,0.038,0.038,0.038,0.037,0.037,0.041,0.041,0.043,0.066
S2_A7_03-10-2021_Right,0.0001,3.5e-05,0.0,0.8888888888888888,0.11097611111111116,A7,Falcon 48 Well Plate 1500 µL,2,75.00000435450026,62.37747282124397,0.0,956.0226806924907,166.46416666666676,0.309,0.066,0.042,0.04,0.039,0.039,0.039,0.038,0.037,0.041,0.041,0.042,0.065
S2_A8_03-10-2021_Right,0.0001,3.5e-05,0.0001111111111111111,0.2222222222222222,0.7775316666666667,A8,Falcon 48 Well Plate 1500 µL,2,75.00000435450026,62.37747282124397,42.194092827004226,142.37497647493726,1166.2975,0.327,0.077,0.052,0.048,0.048,0.048,0.048,0.047,0.046,0.047,0.047,0.047,0.047
S2_B1_03-10-2021_Right,0.0001,3.5e-05,0.0001111111111111111,0.3333333333333333,0.6664205555555556,B1,Falcon 48 Well Plate 1500 µL,2,75.00000435450026,62.37747282124397,42.194092827004226,293.96972012843065,999.6308333333334,0.328,0.086,0.057,0.05,0.048,0.046,0.045,0.043,0.042,0.047,0.046,0.05,0.066
S2_B2_03-10-2021_Right,0.0001,3.5e-05,0.0001111111111111111,0.4444444444444444,0.5553094444444444,B2,Falcon 48 Well Plate 1500 µL,2,75.00000435450026,62.37747282124397,42.194092827004226,437.64640990509287,832.9641666666665,0.314,0.084,0.056,0.05,0.047,0.046,0.046,0.044,0.043,0.047,0.045,0.049,0.066
S2_B3_03-10-2021_Right,0.0001,3.5e-05,0.0001111111111111111,0.5555555555555556,0.44419833333333336,B3,Falcon 48 Well Plate 1500 µL,2,75.00000435450026,62.37747282124397,42.194092827004226,572.2176481559637,666.2975,0.327,0.086,0.057,0.051,0.048,0.046,0.045,0.042,0.041,0.046,0.045,0.048,0.067
S2_B4_03-10-2021_Right,0.0001,3.5e-05,0.0001111111111111111,0.6666666666666666,0.3330872222222223,B4,Falcon 48 Well Plate 1500 µL,2,75.00000435450026,62.37747282124397,42.194092827004226,696.7385883952644,499.63083333333344,0.29,0.065,0.042,0.039,0.038,0.039,0.039,0.038,0.038,0.043,0.043,0.046,0.068
S2_B5_03-10-2021_Right,0.0001,3.5e-05,0.0001111111111111111,0.7777777777777777,0.22197611111111126,B5,Falcon 48 Well Plate 1500 µL,2,75.00000435450026,62.37747282124397,42.194092827004226,810.6511758925204,332.96416666666687,0.285,0.065,0.042,0.039,0.038,0.038,0.039,0.037,0.037,0.041,0.041,0.042,0.065
S2_B6_03-10-2021_Right,0.0001,3.5e-05,0.0001111111111111111,0.8888888888888888,0.1108650000000001,B6,Falcon 48 Well Plate 1500 µL,2,75.00000435450026,62.37747282124397,42.194092827004226,913.928388264688,166.29750000000016,0.29,0.066,0.042,0.041,0.04,0.04,0.039,0.037,0.037,0.04,0.04,0.041,0.065
S2_B7_03-10-2021_Right,0.0001,3.5e-05,0.0002222222222222222,0.2222222222222222,0.7774205555555556,B7,Falcon 48 Well Plate 1500 µL,2,75.00000435450026,62.37747282124397,84.38818565400845,100.28068404713459,1166.1308333333334,0.291,0.075,0.051,0.049,0.048,0.047,0.046,0.045,0.045,0.045,0.045,0.044,0.044
S2_B8_03-10-2021_Right,0.0001,3.5e-05,0.0002222222222222222,0.3333333333333333,0.6663094444444444,B8,Falcon 48 Well Plate 1500 µL,2,75.00000435450026,62.37747282124397,84.38818565400845,251.87542770062802,999.4641666666665,0.315,0.082,0.053,0.047,0.044,0.042,0.042,0.04,0.039,0.044,0.043,0.048,0.064
S2_C1_03-10-2021_Right,0.0001,3.5e-05,0.0002222222222222222,0.4444444444444444,0.5551983333333333,C1,Falcon 48 Well Plate 1500 µL,2,75.00000435450026,62.37747282124397,84.38818565400845,395.5521174772901,832.7975000000001,0.327,0.086,0.056,0.052,0.05,0.048,0.046,0.043,0.041,0.046,0.045,0.049,0.067
S2_C2_03-10-2021_Right,0.0001,3.5e-05,0.0002222222222222222,0.5555555555555556,0.4440872222222222,C2,Falcon 48 Well Plate 1500 µL,2,75.00000435450026,62.37747282124397,84.38818565400845,530.1233557281611,666.1308333333334,0.335,0.087,0.057,0.05,0.047,0.046,0.045,0.043,0.042,0.047,0.046,0.049,0.068
S2_C3_03-10-2021_Right,0.0001,3.5e-05,0.0002222222222222222,0.6666666666666666,0.33297611111111114,C3,Falcon 48 Well Plate 1500 µL,2,75.00000435450026,62.37747282124397,84.38818565400845,654.6442959674616,499.4641666666667,0.301,0.066,0.042,0.039,0.038,0.039,0.039,0.037,0.037,0.041,0.041,0.044,0.066
S2_C4_03-10-2021_Right,0.0001,3.5e-05,0.0002222222222222222,0.7777777777777777,0.2218650000000001,C4,Falcon 48 Well Plate 1500 µL,2,75.00000435450026,62.37747282124397,84.38818565400845,768.5568834647179,332.7975000000001,0.298,0.066,0.043,0.042,0.04,0.04,0.04,0.038,0.038,0.042,0.041,0.043,0.066
S2_C5_03-10-2021_Right,0.0001,3.5e-05,0.0002222222222222222,0.8888888888888888,0.11075388888888893,C5,Falcon 48 Well Plate 1500 µL,2,75.00000435450026,62.37747282124397,84.38818565400845,871.8340958368854,166.13083333333338,0.287,0.065,0.042,0.04,0.039,0.039,0.038,0.038,0.038,0.042,0.041,0.042,0.067
S2_C6_03-10-2021_Right,0.0001,3.5e-05,0.0003333333333333334,0.2222222222222222,0.7773094444444445,C6,Falcon 48 Well Plate 1500 µL,2,75.00000435450026,62.37747282124397,126.58227848101265,58.18639161933198,1165.9641666666666,0.294,0.075,0.051,0.048,0.046,0.046,0.046,0.044,0.043,0.043,0.042,0.042,0.042
S2_C7_03-10-2021_Right,0.0001,3.5e-05,0.0003333333333333334,0.3333333333333333,0.6661983333333333,C7,Falcon 48 Well Plate 1500 µL,2,75.00000435450026,62.37747282124397,126.58227848101265,209.78113527282542,999.2975,0.318,0.083,0.054,0.05,0.048,0.045,0.044,0.041,0.04,0.045,0.044,0.049,0.065
S2_C8_03-10-2021_Right,0.0001,3.5e-05,0.0003333333333333334,0.4444444444444444,0.5550872222222223,C8,Falcon 48 Well Plate 1500 µL,2,75.00000435450026,62.37747282124397,126.58227848101265,353.45782504948755,832.6308333333334,0.324,0.084,0.055,0.05,0.045,0.044,0.043,0.041,0.041,0.046,0.046,0.05,0.067
S2_D1_03-10-2021_Right,0.0001,3.5e-05,0.0003333333333333334,0.5555555555555556,0.4439761111111111,D1,Falcon 48 Well Plate 1500 µL,2,75.00000435450026,62.37747282124397,126.58227848101265,488.02906330035853,665.9641666666666,0.307,0.08,0.053,0.05,0.048,0.047,0.046,0.044,0.043,0.049,0.048,0.051,0.069
S2_D2_03-10-2021_Right,0.0001,3.5e-05,0.0003333333333333334,0.6666666666666666,0.3328650000000001,D2,Falcon 48 Well Plate 1500 µL,2,75.00000435450026,62.37747282124397,126.58227848101265,612.5500035396593,499.2975000000001,0.292,0.074,0.049,0.045,0.043,0.042,0.042,0.041,0.041,0.046,0.045,0.047,0.068
S2_D3_03-10-2021_Right,0.0001,3.5e-05,0.0003333333333333334,0.7777777777777777,0.22175388888888906,D3,Falcon 48 Well Plate 1500 µL,2,75.00000435450026,62.37747282124397,126.58227848101265,726.4625910369152,332.6308333333336,0.287,0.065,0.042,0.04,0.039,0.038,0.038,0.038,0.038,0.042,0.042,0.044,0.066
S2_D4_03-10-2021_Right,0.0001,3.5e-05,0.0003333333333333334,0.8888888888888888,0.11064277777777788,D4,Falcon 48 Well Plate 1500 µL,2,75.00000435450026,62.37747282124397,126.58227848101265,829.7398034090828,165.9641666666668,0.295,0.072,0.048,0.044,0.043,0.043,0.043,0.042,0.041,0.044,0.044,0.045,0.069
S2_D5_03-10-2021_Right,0.0001,3.5e-05,0.0004444444444444444,0.3333333333333333,0.6660872222222223,D5,Falcon 48 Well Plate 1500 µL,2,75.00000435450026,62.37747282124397,168.7763713080169,167.68684284502277,999.1308333333334,0.355,0.111,0.079,0.071,0.067,0.065,0.064,0.061,0.06,0.065,0.064,0.068,0.082
S2_D6_03-10-2021_Right,0.0001,3.5e-05,0.0004444444444444444,0.4444444444444444,0.5549761111111111,D6,Falcon 48 Well Plate 1500 µL,2,75.00000435450026,62.37747282124397,168.7763713080169,311.3635326216848,832.4641666666665,0.348,0.116,0.092,0.09,0.091,0.092,0.093,0.091,0.091,0.097,0.096,0.102,0.122
S2_D7_03-10-2021_Right,0.0001,3.5e-05,0.0004444444444444444,0.5555555555555556,0.443865,D7,Falcon 48 Well Plate 1500 µL,2,75.00000435450026,62.37747282124397,168.7763713080169,445.9347708725559,665.7974999999999,0.318,0.081,0.053,0.048,0.046,0.045,0.045,0.043,0.042,0.048,0.047,0.05,0.07
S2_D8_03-10-2021_Right,0.0001,3.5e-05,0.0004444444444444444,0.6666666666666666,0.3327538888888889,D8,Falcon 48 Well Plate 1500 µL,2,75.00000435450026,62.37747282124397,168.7763713080169,570.4557111118564,499.1308333333334,0.312,0.079,0.051,0.047,0.044,0.043,0.042,0.041,0.041,0.046,0.045,0.047,0.067
S2_E1_03-10-2021_Right,0.0001,3.5e-05,0.0004444444444444444,0.7777777777777777,0.22164277777777786,E1,Falcon 48 Well Plate 1500 µL,2,75.00000435450026,62.37747282124397,168.7763713080169,684.3682986091128,332.4641666666668,0.292,0.067,0.043,0.04,0.038,0.038,0.039,0.038,0.038,0.042,0.042,0.044,0.067
S2_E2_03-10-2021_Right,0.0001,3.5e-05,0.0004444444444444444,0.8888888888888888,0.1105316666666667,E2,Falcon 48 Well Plate 1500 µL,2,75.00000435450026,62.37747282124397,168.7763713080169,787.6455109812803,165.79750000000004,0.291,0.067,0.043,0.04,0.039,0.039,0.038,0.037,0.037,0.04,0.04,0.042,0.066
S2_E3_03-10-2021_Right,0.0001,3.5e-05,0.0005555555555555557,0.3333333333333333,0.6659761111111111,E3,Falcon 48 Well Plate 1500 µL,2,75.00000435450026,62.37747282124397,210.9704641350211,125.59255041722021,998.9641666666665,0.321,0.086,0.056,0.05,0.046,0.044,0.043,0.041,0.041,0.046,0.045,0.049,0.065
S2_E4_03-10-2021_Right,0.0001,3.5e-05,0.0005555555555555557,0.4444444444444444,0.5548649999999999,E4,Falcon 48 Well Plate 1500 µL,2,75.00000435450026,62.37747282124397,210.9704641350211,269.26924019388224,832.2974999999999,0.341,0.112,0.085,0.078,0.074,0.073,0.073,0.074,0.074,0.08,0.078,0.08,0.101
S2_E5_03-10-2021_Right,0.0001,3.5e-05,0.0005555555555555557,0.5555555555555556,0.4437538888888889,E5,Falcon 48 Well Plate 1500 µL,2,75.00000435450026,62.37747282124397,210.9704641350211,403.84047844475333,665.6308333333334,0.307,0.083,0.055,0.05,0.046,0.045,0.044,0.042,0.041,0.045,0.044,0.048,0.068
S2_E6_03-10-2021_Right,0.0001,3.5e-05,0.0005555555555555557,0.6666666666666666,0.33264277777777784,E6,Falcon 48 Well Plate 1500 µL,2,75.00000435450026,62.37747282124397,210.9704641350211,528.361418684054,498.9641666666668,0.299,0.073,0.048,0.043,0.042,0.041,0.041,0.04,0.04,0.045,0.044,0.047,0.067
S2_E7_03-10-2021_Right,0.0001,3.5e-05,0.0005555555555555557,0.7777777777777777,0.2215316666666668,E7,Falcon 48 Well Plate 1500 µL,2,75.00000435450026,62.37747282124397,210.9704641350211,642.2740061813101,332.2975000000002,0.283,0.065,0.042,0.039,0.038,0.038,0.038,0.038,0.038,0.042,0.041,0.044,0.066
S2_E8_03-10-2021_Right,0.0001,3.5e-05,0.0005555555555555557,0.8888888888888888,0.11042055555555563,E8,Falcon 48 Well Plate 1500 µL,2,75.00000435450026,62.37747282124397,210.9704641350211,745.5512185534776,165.63083333333344,0.297,0.066,0.042,0.039,0.038,0.038,0.038,0.037,0.037,0.04,0.04,0.041,0.065
S2_F1_03-10-2021_Right,0.0001,3.5e-05,0.0006666666666666668,0.3333333333333333,0.6658649999999999,F1,Falcon 48 Well Plate 1500 µL,2,75.00000435450026,62.37747282124397,253.1645569620253,83.49825798941757,998.7975,0.324,0.086,0.056,0.049,0.046,0.044,0.043,0.041,0.04,0.045,0.044,0.049,0.064
S2_F2_03-10-2021_Right,0.0001,3.5e-05,0.0006666666666666668,0.4444444444444444,0.554753888888889,F2,Falcon 48 Well Plate 1500 µL,2,75.00000435450026,62.37747282124397,253.1645569620253,227.17494776607958,832.1308333333334,0.318,0.083,0.054,0.048,0.044,0.043,0.042,0.04,0.039,0.044,0.043,0.048,0.065
S2_F3_03-10-2021_Right,0.0001,3.5e-05,0.0006666666666666668,0.5555555555555556,0.4436427777777777,F3,Falcon 48 Well Plate 1500 µL,2,75.00000435450026,62.37747282124397,253.1645569620253,361.7461860169506,665.4641666666665,0.327,0.086,0.056,0.05,0.047,0.045,0.044,0.043,0.042,0.047,0.045,0.048,0.067
S2_F4_03-10-2021_Right,0.0001,3.5e-05,0.0006666666666666668,0.6666666666666666,0.3325316666666667,F4,Falcon 48 Well Plate 1500 µL,2,75.00000435450026,62.37747282124397,253.1645569620253,486.26712625625123,498.7975,0.318,0.078,0.05,0.045,0.044,0.043,0.042,0.04,0.04,0.045,0.044,0.047,0.067
S2_F5_03-10-2021_Right,0.0001,3.5e-05,0.0006666666666666668,0.7777777777777777,0.2214205555555556,F5,Falcon 48 Well Plate 1500 µL,2,75.00000435450026,62.37747282124397,253.1645569620253,600.1797137535074,332.13083333333344,0.299,0.066,0.042,0.039,0.039,0.039,0.038,0.037,0.037,0.042,0.042,0.044,0.067
S2_F6_03-10-2021_Right,0.0001,3.5e-05,0.0006666666666666668,0.8888888888888888,0.11030944444444446,F6,Falcon 48 Well Plate 1500 µL,2,75.00000435450026,62.37747282124397,253.1645569620253,703.4569261256751,165.46416666666667,0.29,0.066,0.042,0.039,0.038,0.038,0.038,0.037,0.037,0.04,0.04,0.042,0.066
S2_F7_03-10-2021_Right,0.0001,3.5e-05,0.0007777777777777777,0.3333333333333333,0.665753888888889,F7,Falcon 48 Well Plate 1500 µL,2,75.00000435450026,62.37747282124397,295.3586497890295,41.40396556161497,998.6308333333336,0.314,0.087,0.057,0.05,0.047,0.045,0.044,0.042,0.041,0.046,0.045,0.049,0.066
S2_F8_03-10-2021_Right,0.0001,3.5e-05,0.0007777777777777777,0.4444444444444444,0.5546427777777778,F8,Falcon 48 Well Plate 1500 µL,2,75.00000435450026,62.37747282124397,295.3586497890295,185.080655338277,831.9641666666668,0.313,0.089,0.064,0.061,0.058,0.057,0.056,0.055,0.055,0.06,0.059,0.064,0.085
S3_A1_03-10-2021_Right,0.0001,3.5e-05,0.0007777777777777777,0.5555555555555556,0.44353166666666666,A1,Falcon 48 Well Plate 1500 µL,3,75.00000435450026,62.37747282124397,295.3586497890295,319.65189358914796,665.2975,0.302,0.08,0.053,0.049,0.045,0.043,0.043,0.041,0.04,0.045,0.045,0.049,0.068
S3_A2_03-10-2021_Right,0.0001,3.5e-05,0.0007777777777777777,0.6666666666666666,0.3324205555555556,A2,Falcon 48 Well Plate 1500 µL,3,75.00000435450026,62.37747282124397,295.3586497890295,444.17283382844863,498.6308333333334,0.286,0.072,0.048,0.044,0.041,0.041,0.041,0.04,0.039,0.043,0.043,0.045,0.066
S3_A3_03-10-2021_Right,0.0001,3.5e-05,0.0007777777777777777,0.7777777777777777,0.22130944444444456,A3,Falcon 48 Well Plate 1500 µL,3,75.00000435450026,62.37747282124397,295.3586497890295,558.0854213257048,331.9641666666668,0.282,0.065,0.042,0.039,0.038,0.038,0.039,0.037,0.037,0.042,0.041,0.044,0.065
S3_A4_03-10-2021_Right,0.0001,3.5e-05,0.0007777777777777777,0.8888888888888888,0.1101983333333334,A4,Falcon 48 Well Plate 1500 µL,3,75.00000435450026,62.37747282124397,295.3586497890295,661.3626336978722,165.2975000000001,0.296,0.066,0.042,0.039,0.038,0.038,0.038,0.037,0.037,0.04,0.04,0.042,0.066
S3_A5_03-10-2021_Right,0.0001,3.5e-05,0.0008888888888888888,0.4444444444444444,0.5545316666666666,A5,Falcon 48 Well Plate 1500 µL,3,75.00000435450026,62.37747282124397,337.5527426160338,142.98636291047433,831.7975,0.314,0.08,0.053,0.048,0.046,0.045,0.045,0.043,0.043,0.049,0.049,0.053,0.07
S3_A6_03-10-2021_Right,0.0001,3.5e-05,0.0008888888888888888,0.5555555555555556,0.4434205555555555,A6,Falcon 48 Well Plate 1500 µL,3,75.00000435450026,62.37747282124397,337.5527426160338,277.55760116134536,665.1308333333333,0.334,0.102,0.076,0.073,0.071,0.071,0.07,0.07,0.069,0.074,0.075,0.079,0.102
S3_A7_03-10-2021_Right,0.0001,3.5e-05,0.0008888888888888888,0.6666666666666666,0.33230944444444444,A7,Falcon 48 Well Plate 1500 µL,3,75.00000435450026,62.37747282124397,337.5527426160338,402.078541400646,498.4641666666666,0.323,0.08,0.052,0.047,0.044,0.043,0.043,0.041,0.041,0.045,0.044,0.047,0.068
S3_A8_03-10-2021_Right,0.0001,3.5e-05,0.0008888888888888888,0.7777777777777777,0.22119833333333336,A8,Falcon 48 Well Plate 1500 µL,3,75.00000435450026,62.37747282124397,337.5527426160338,515.9911288979022,331.79750000000007,0.3,0.066,0.042,0.039,0.038,0.038,0.038,0.037,0.037,0.042,0.042,0.044,0.067
S3_B1_03-10-2021_Right,0.0001,3.5e-05,0.0008888888888888888,0.8888888888888888,0.11008722222222224,B1,Falcon 48 Well Plate 1500 µL,3,75.00000435450026,62.37747282124397,337.5527426160338,619.2683412700696,165.13083333333333,0.291,0.066,0.042,0.039,0.038,0.038,0.038,0.037,0.037,0.041,0.041,0.042,0.067
S3_B2_03-10-2021_Right,0.0001,3.5e-05,0.001,0.4444444444444444,0.5544205555555556,B2,Falcon 48 Well Plate 1500 µL,3,75.00000435450026,62.37747282124397,379.74683544303787,100.8920704826718,831.6308333333333,0.349,0.116,0.088,0.08,0.076,0.075,0.074,0.074,0.074,0.079,0.077,0.081,0.101
S3_B3_03-10-2021_Right,0.0001,3.5e-05,0.001,0.5555555555555556,0.4433094444444444,B3,Falcon 48 Well Plate 1500 µL,3,75.00000435450026,62.37747282124397,379.74683544303787,235.46330873354282,664.9641666666665,0.314,0.083,0.055,0.049,0.047,0.045,0.044,0.042,0.042,0.046,0.046,0.049,0.068
S3_B4_03-10-2021_Right,0.0001,3.5e-05,0.001,0.6666666666666666,0.3321983333333334,B4,Falcon 48 Well Plate 1500 µL,3,75.00000435450026,62.37747282124397,379.74683544303787,359.9842489728435,498.29750000000007,0.305,0.079,0.052,0.05,0.046,0.044,0.043,0.041,0.041,0.045,0.045,0.048,0.068
S3_B5_03-10-2021_Right,0.0001,3.5e-05,0.001,0.7777777777777777,0.22108722222222232,B5,Falcon 48 Well Plate 1500 µL,3,75.00000435450026,62.37747282124397,379.74683544303787,473.89683647009963,331.6308333333335,0.282,0.067,0.045,0.042,0.041,0.041,0.041,0.04,0.04,0.044,0.044,0.047,0.07
S3_B6_03-10-2021_Right,0.0001,3.5e-05,0.001,0.8888888888888888,0.10997611111111116,B6,Falcon 48 Well Plate 1500 µL,3,75.00000435450026,62.37747282124397,379.74683544303787,577.1740488422671,164.96416666666676,0.273,0.064,0.042,0.039,0.038,0.039,0.038,0.037,0.036,0.04,0.04,0.042,0.067
S3_B7_03-10-2021_Right,0.0,0.0,0.0,0.2223572222222222,0.7776427777777778,B7,Falcon 48 Well Plate 1500 µL,3,0.0,0.0,0.0,322.0352194962731,1166.4641666666666,0.295,0.075,0.051,0.048,0.046,0.047,0.047,0.045,0.044,0.043,0.043,0.042,0.043
S3_B8_03-10-2021_Right,0.0,0.0,0.0,0.3334683333333333,0.6665316666666667,B8,Falcon 48 Well Plate 1500 µL,3,0.0,0.0,0.0,473.6211175206575,999.7975,0.285,0.064,0.042,0.039,0.038,0.038,0.038,0.037,0.037,0.043,0.043,0.047,0.064
S3_C1_03-10-2021_Right,0.0,0.0,0.0,0.4445794444444444,0.5554205555555556,C1,Falcon 48 Well Plate 1500 µL,3,0.0,0.0,0.0,617.2874301202827,833.1308333333334,0.426,0.188,0.158,0.151,0.145,0.143,0.142,0.141,0.14,0.145,0.143,0.146,0.167
S3_C2_03-10-2021_Right,0.0,0.0,0.0,0.5556905555555556,0.4443094444444444,C2,Falcon 48 Well Plate 1500 µL,3,0.0,0.0,0.0,751.8469668261583,666.4641666666666,0.297,0.071,0.05,0.048,0.048,0.049,0.05,0.048,0.048,0.054,0.054,0.059,0.076
S3_C3_03-10-2021_Right,0.0,0.0,0.0,0.6668016666666666,0.3331983333333334,C3,Falcon 48 Well Plate 1500 µL,3,0.0,0.0,0.0,876.3552635847932,499.79750000000007,0.292,0.065,0.042,0.039,0.037,0.038,0.038,0.037,0.037,0.042,0.041,0.044,0.065
S3_C4_03-10-2021_Right,0.0,0.0,0.0,0.7779127777777777,0.22208722222222232,C4,Falcon 48 Well Plate 1500 µL,3,0.0,0.0,0.0,990.2548233503225,333.1308333333335,0.303,0.069,0.045,0.042,0.041,0.041,0.042,0.041,0.04,0.044,0.044,0.046,0.068
S3_C5_03-10-2021_Right,0.0,0.0,0.0,0.8890238888888888,0.11097611111111116,C5,Falcon 48 Well Plate 1500 µL,3,0.0,0.0,0.0,1093.5193566766293,166.46416666666676,0.305,0.075,0.051,0.048,0.046,0.046,0.046,0.045,0.044,0.043,0.043,0.042,0.043
S3_C6_03-10-2021_Right,0.0,0.0,0.0,0.22246833333333327,0.7775316666666667,C6,Falcon 48 Well Plate 1500 µL,3,0.0,0.0,0.0,322.1903343081036,1166.2975,0.294,0.075,0.051,0.048,0.046,0.046,0.046,0.044,0.043,0.043,0.042,0.042,0.042
S3_C7_03-10-2021_Right,0.0,0.0,0.0,0.33357944444444443,0.6664205555555556,C7,Falcon 48 Well Plate 1500 µL,3,0.0,0.0,0.0,473.768950542111,999.6308333333334,0.293,0.076,0.055,0.054,0.054,0.055,0.055,0.054,0.055,0.061,0.061,0.066,0.083
S3_C8_03-10-2021_Right,0.0,0.0,0.0,0.4446905555555555,0.5553094444444444,C8,Falcon 48 Well Plate 1500 µL,3,0.0,0.0,0.0,617.4267209271469,832.9641666666665,0.297,0.075,0.053,0.052,0.05,0.05,0.05,0.05,0.05,0.056,0.055,0.06,0.08
S3_D1_03-10-2021_Right,0.0,0.0,0.0,0.5558016666666666,0.44419833333333336,D1,Falcon 48 Well Plate 1500 µL,3,0.0,0.0,0.0,751.9766256724605,666.2975,0.281,0.075,0.055,0.053,0.053,0.054,0.054,0.054,0.056,0.062,0.063,0.068,0.093
S3_D2_03-10-2021_Right,0.0,0.0,0.0,0.6669127777777777,0.3330872222222223,D2,Falcon 48 Well Plate 1500 µL,3,0.0,0.0,0.0,876.4745156433928,499.63083333333344,0.284,0.065,0.042,0.039,0.038,0.038,0.038,0.037,0.037,0.042,0.042,0.045,0.067
S3_D3_03-10-2021_Right,0.0,0.0,0.0,0.7780238888888887,0.22197611111111126,D3,Falcon 48 Well Plate 1500 µL,3,0.0,0.0,0.0,990.3633529535022,332.96416666666687,0.277,0.064,0.042,0.039,0.038,0.038,0.038,0.037,0.036,0.041,0.041,0.043,0.066
S3_D4_03-10-2021_Right,0.0,0.0,0.0,0.8891349999999999,0.1108650000000001,D4,Falcon 48 Well Plate 1500 µL,3,0.0,0.0,0.0,1093.6174515566884,166.29750000000016,0.303,0.076,0.051,0.048,0.047,0.047,0.046,0.044,0.043,0.043,0.043,0.043,0.044
S3_D5_03-10-2021_Right,0.0,0.0,0.0,0.22257944444444444,0.7774205555555556,D5,Falcon 48 Well Plate 1500 µL,3,0.0,0.0,0.0,322.3454424885388,1166.1308333333334,0.3,0.075,0.051,0.048,0.046,0.046,0.046,0.044,0.043,0.043,0.043,0.043,0.043
S3_D6_03-10-2021_Right,0.0,0.0,0.0,0.33369055555555555,0.6663094444444444,D6,Falcon 48 Well Plate 1500 µL,3,0.0,0.0,0.0,473.9167756344995,999.4641666666665,0.336,0.116,0.094,0.094,0.095,0.096,0.095,0.092,0.091,0.098,0.098,0.104,0.118
S3_D7_03-10-2021_Right,0.0,0.0,0.0,0.44480166666666665,0.5551983333333333,D7,Falcon 48 Well Plate 1500 µL,3,0.0,0.0,0.0,617.5660026059062,832.7975000000001,0.284,0.071,0.05,0.049,0.049,0.049,0.05,0.049,0.05,0.055,0.055,0.06,0.082
S3_D8_03-10-2021_Right,0.0,0.0,0.0,0.5559127777777778,0.4440872222222222,D8,Falcon 48 Well Plate 1500 µL,3,0.0,0.0,0.0,752.1062744344887,666.1308333333334,0.289,0.065,0.041,0.038,0.038,0.038,0.038,0.036,0.036,0.042,0.041,0.045,0.065
S3_E1_03-10-2021_Right,0.0,0.0,0.0,0.6670238888888889,0.33297611111111114,E1,Falcon 48 Well Plate 1500 µL,3,0.0,0.0,0.0,876.5937570486601,499.4641666666667,0.289,0.065,0.042,0.039,0.038,0.038,0.038,0.037,0.037,0.042,0.041,0.045,0.066
S3_E2_03-10-2021_Right,0.0,0.0,0.0,0.7781349999999999,0.2218650000000001,E2,Falcon 48 Well Plate 1500 µL,3,0.0,0.0,0.0,990.4718718656441,332.7975000000001,0.275,0.065,0.043,0.04,0.039,0.039,0.039,0.038,0.038,0.042,0.042,0.045,0.07
S3_E3_03-10-2021_Right,0.0,0.0,0.0,0.8892461111111111,0.11075388888888893,E3,Falcon 48 Well Plate 1500 µL,3,0.0,0.0,0.0,1093.7155363835961,166.13083333333338,0.299,0.075,0.051,0.047,0.046,0.046,0.046,0.044,0.043,0.042,0.042,0.042,0.042
S3_E4_03-10-2021_Right,0.0,0.0,0.0,0.22269055555555556,0.7773094444444445,E4,Falcon 48 Well Plate 1500 µL,3,0.0,0.0,0.0,322.50054403627996,1165.9641666666666,0.291,0.075,0.051,0.048,0.046,0.046,0.046,0.044,0.044,0.043,0.043,0.043,0.043
S3_E5_03-10-2021_Right,0.0,0.0,0.0,0.33380166666666666,0.6661983333333333,E5,Falcon 48 Well Plate 1500 µL,3,0.0,0.0,0.0,474.0645927965506,999.2975,0.307,0.102,0.082,0.082,0.084,0.085,0.085,0.083,0.083,0.089,0.09,0.096,0.114
S3_E6_03-10-2021_Right,0.0,0.0,0.0,0.44491277777777777,0.5550872222222223,E6,Falcon 48 Well Plate 1500 µL,3,0.0,0.0,0.0,617.7052751554592,832.6308333333334,0.278,0.064,0.041,0.038,0.037,0.038,0.038,0.037,0.038,0.044,0.043,0.048,0.066
S3_E7_03-10-2021_Right,0.0,0.0,0.0,0.5560238888888889,0.4439761111111111,E7,Falcon 48 Well Plate 1500 µL,3,0.0,0.0,0.0,752.2359131114563,665.9641666666666,0.371,0.165,0.143,0.14,0.14,0.14,0.141,0.139,0.139,0.145,0.145,0.149,0.169
S3_E8_03-10-2021_Right,0.0,0.0,0.0,0.6671349999999999,0.3328650000000001,E8,Falcon 48 Well Plate 1500 µL,3,0.0,0.0,0.0,876.7129878002684,499.2975000000001,0.275,0.063,0.042,0.04,0.04,0.04,0.041,0.04,0.039,0.045,0.045,0.048,0.07
S3_F1_03-10-2021_Right,0.0,0.0,0.0,0.7782461111111109,0.22175388888888906,F1,Falcon 48 Well Plate 1500 µL,3,0.0,0.0,0.0,990.5803800870242,332.6308333333336,0.286,0.066,0.043,0.04,0.039,0.04,0.04,0.039,0.039,0.044,0.044,0.047,0.07
S3_F2_03-10-2021_Right,0.0,0.0,0.0,0.8893572222222221,0.11064277777777788,F2,Falcon 48 Well Plate 1500 µL,3,0.0,0.0,0.0,1093.813611158376,165.9641666666668,0.285,0.074,0.051,0.047,0.046,0.046,0.046,0.044,0.044,0.043,0.043,0.043,0.043
S3_F3_03-10-2021_Right,0.0,0.0,0.0,0.3339127777777778,0.6660872222222223,F3,Falcon 48 Well Plate 1500 µL,3,0.0,0.0,0.0,474.2124020269922,999.1308333333334,0.292,0.073,0.051,0.049,0.049,0.05,0.051,0.05,0.051,0.057,0.056,0.061,0.077
S3_F4_03-10-2021_Right,0.0,0.0,0.0,0.4450238888888889,0.5549761111111111,F4,Falcon 48 Well Plate 1500 µL,3,0.0,0.0,0.0,617.8445385747046,832.4641666666665,0.283,0.064,0.041,0.038,0.037,0.038,0.038,0.037,0.037,0.043,0.042,0.047,0.065
S3_F5_03-10-2021_Right,0.0,0.0,0.0,0.556135,0.443865,F5,Falcon 48 Well Plate 1500 µL,3,0.0,0.0,0.0,752.3655417025775,665.7974999999999,0.274,0.065,0.043,0.04,0.039,0.039,0.039,0.038,0.038,0.043,0.043,0.047,0.067
S3_F6_03-10-2021_Right,0.0,0.0,0.0,0.6672461111111111,0.3327538888888889,F6,Falcon 48 Well Plate 1500 µL,3,0.0,0.0,0.0,876.8322078978912,499.1308333333334,0.283,0.065,0.042,0.039,0.039,0.039,0.04,0.039,0.039,0.044,0.044,0.047,0.069
S3_F7_03-10-2021_Right,0.0,0.0,0.0,0.7783572222222221,0.22164277777777786,F7,Falcon 48 Well Plate 1500 µL,3,0.0,0.0,0.0,990.6888776179196,332.4641666666668,0.29,0.065,0.042,0.039,0.038,0.039,0.039,0.037,0.037,0.041,0.041,0.044,0.067
S3_F8_03-10-2021_Right,0.0,0.0,0.0,0.8894683333333333,0.1105316666666667,F8,Falcon 48 Well Plate 1500 µL,3,0.0,0.0,0.0,1093.9116758820537,165.79750000000004,0.286,0.074,0.051,0.048,0.046,0.046,0.046,0.045,0.044,0.045,0.045,0.045,0.045
S5_A1_03-10-2021_Right,0.0,0.0,0.0,0.3340238888888889,0.6659761111111111,A1,Falcon 48 Well Plate 1500 µL,5,0.0,0.0,0.0,474.360203324552,998.9641666666665,0.282,0.069,0.046,0.044,0.041,0.041,0.041,0.04,0.041,0.049,0.048,0.054,0.071
S5_A2_03-10-2021_Right,0.0,0.0,0.0,0.44513500000000006,0.5548649999999999,A2,Falcon 48 Well Plate 1500 µL,5,0.0,0.0,0.0,617.9837928625412,832.2974999999999,0.377,0.156,0.128,0.119,0.115,0.113,0.113,0.113,0.113,0.12,0.118,0.122,0.142
S5_A3_03-10-2021_Right,0.0,0.0,0.0,0.5562461111111111,0.4437538888888889,A3,Falcon 48 Well Plate 1500 µL,5,0.0,0.0,0.0,752.4951602070662,665.6308333333334,0.286,0.083,0.063,0.064,0.065,0.066,0.067,0.065,0.066,0.072,0.072,0.077,0.094
S5_A4_03-10-2021_Right,0.0,0.0,0.0,0.6673572222222222,0.33264277777777784,A4,Falcon 48 Well Plate 1500 µL,5,0.0,0.0,0.0,876.9514173412019,498.9641666666668,0.275,0.064,0.042,0.039,0.039,0.04,0.041,0.039,0.039,0.044,0.042,0.045,0.066
S5_A5_03-10-2021_Right,0.0,0.0,0.0,0.7784683333333332,0.2215316666666668,A5,Falcon 48 Well Plate 1500 µL,5,0.0,0.0,0.0,990.7973644586083,332.2975000000002,0.3,0.066,0.043,0.041,0.04,0.041,0.041,0.04,0.039,0.044,0.044,0.046,0.069
S5_A6_03-10-2021_Right,0.0,0.0,0.0,0.8895794444444444,0.11042055555555563,A6,Falcon 48 Well Plate 1500 µL,5,0.0,0.0,0.0,1094.0097305556546,165.63083333333344,0.38,0.082,0.053,0.05,0.048,0.048,0.047,0.045,0.044,0.044,0.044,0.044,0.044
S5_A7_03-10-2021_Right,0.0,0.0,0.0,0.334135,0.6658649999999999,A7,Falcon 48 Well Plate 1500 µL,5,0.0,0.0,0.0,474.5079966879578,998.7975,0.303,0.077,0.057,0.056,0.056,0.057,0.058,0.058,0.059,0.065,0.065,0.069,0.087
S5_A8_03-10-2021_Right,0.0,0.0,0.0,0.4452461111111111,0.554753888888889,A8,Falcon 48 Well Plate 1500 µL,5,0.0,0.0,0.0,618.1230380178682,832.1308333333334,0.309,0.077,0.055,0.053,0.052,0.053,0.054,0.055,0.056,0.063,0.063,0.067,0.087
S5_B1_03-10-2021_Right,0.0,0.0,0.0,0.5563572222222223,0.4436427777777777,B1,Falcon 48 Well Plate 1500 µL,5,0.0,0.0,0.0,752.6247686241377,665.4641666666665,0.273,0.064,0.042,0.04,0.039,0.039,0.039,0.038,0.038,0.044,0.043,0.047,0.067
S5_B2_03-10-2021_Right,0.0,0.0,0.0,0.6674683333333333,0.3325316666666667,B2,Falcon 48 Well Plate 1500 µL,5,0.0,0.0,0.0,877.0706161298755,498.7975,0.271,0.064,0.042,0.04,0.039,0.039,0.04,0.039,0.039,0.044,0.043,0.046,0.067
S5_B3_03-10-2021_Right,0.0,0.0,0.0,0.7785794444444444,0.2214205555555556,B3,Falcon 48 Well Plate 1500 µL,5,0.0,0.0,0.0,990.9058406093684,332.13083333333344,0.28,0.065,0.043,0.042,0.041,0.041,0.041,0.04,0.039,0.044,0.043,0.046,0.068
S5_B4_03-10-2021_Right,0.0,0.0,0.0,0.8896905555555555,0.11030944444444446,B4,Falcon 48 Well Plate 1500 µL,5,0.0,0.0,0.0,1094.1077751802056,165.46416666666667,0.292,0.076,0.053,0.049,0.048,0.047,0.047,0.045,0.044,0.044,0.044,0.044,0.044
S5_B5_03-10-2021_Right,0.0,0.0,0.0,0.3342461111111111,0.665753888888889,B5,Falcon 48 Well Plate 1500 µL,5,0.0,0.0,0.0,474.65578211593805,998.6308333333336,0.282,0.067,0.044,0.041,0.04,0.04,0.04,0.038,0.038,0.044,0.043,0.048,0.064
S5_B6_03-10-2021_Right,0.0,0.0,0.0,0.4453572222222222,0.5546427777777778,B6,Falcon 48 Well Plate 1500 µL,5,0.0,0.0,0.0,618.2622740395855,831.9641666666668,0.414,0.203,0.181,0.177,0.173,0.172,0.171,0.168,0.167,0.173,0.171,0.175,0.191
S5_B7_03-10-2021_Right,0.0,0.0,0.0,0.5564683333333333,0.44353166666666666,B7,Falcon 48 Well Plate 1500 µL,5,0.0,0.0,0.0,752.7543669530066,665.2975,0.285,0.084,0.064,0.063,0.063,0.063,0.064,0.064,0.065,0.071,0.07,0.073,0.092
S5_B8_03-10-2021_Right,0.0,0.0,0.0,0.6675794444444444,0.3324205555555556,B8,Falcon 48 Well Plate 1500 µL,5,0.0,0.0,0.0,877.1898042635866,498.6308333333334,0.279,0.07,0.047,0.044,0.042,0.042,0.042,0.041,0.04,0.045,0.044,0.048,0.069
S5_C1_03-10-2021_Right,0.0,0.0,0.0,0.7786905555555554,0.22130944444444456,C1,Falcon 48 Well Plate 1500 µL,5,0.0,0.0,0.0,991.0143060704796,331.9641666666668,0.301,0.073,0.048,0.047,0.045,0.044,0.043,0.04,0.04,0.044,0.044,0.047,0.069
S5_C2_03-10-2021_Right,0.0,0.0,0.0,0.8898016666666666,0.1101983333333334,C2,Falcon 48 Well Plate 1500 µL,5,0.0,0.0,0.0,1094.205809756734,165.2975000000001,0.333,0.078,0.052,0.049,0.047,0.047,0.047,0.045,0.044,0.044,0.043,0.043,0.043
S5_C3_03-10-2021_Right,0.0,0.0,0.0,0.4454683333333333,0.5545316666666666,C3,Falcon 48 Well Plate 1500 µL,5,0.0,0.0,0.0,618.4015009265922,831.7975,0.38,0.137,0.11,0.105,0.101,0.1,0.099,0.1,0.099,0.104,0.103,0.107,0.129
S5_C4_03-10-2021_Right,0.0,0.0,0.0,0.5565794444444445,0.4434205555555555,C4,Falcon 48 Well Plate 1500 µL,5,0.0,0.0,0.0,752.8839551928888,665.1308333333333,0.297,0.083,0.061,0.06,0.059,0.059,0.059,0.058,0.058,0.064,0.063,0.067,0.089
S5_C5_03-10-2021_Right,0.0,0.0,0.0,0.6676905555555556,0.33230944444444444,C5,Falcon 48 Well Plate 1500 µL,5,0.0,0.0,0.0,877.3089817420108,498.4641666666666,0.276,0.066,0.043,0.041,0.04,0.04,0.04,0.039,0.039,0.045,0.044,0.047,0.068
S5_C6_03-10-2021_Right,0.0,0.0,0.0,0.7788016666666666,0.22119833333333336,C6,Falcon 48 Well Plate 1500 µL,5,0.0,0.0,0.0,991.1227608422207,331.79750000000007,0.266,0.065,0.043,0.04,0.039,0.039,0.039,0.038,0.038,0.043,0.042,0.045,0.069
S5_C7_03-10-2021_Right,0.0,0.0,0.0,0.8899127777777778,0.11008722222222224,C7,Falcon 48 Well Plate 1500 µL,5,0.0,0.0,0.0,1094.3038342862676,165.13083333333333,0.285,0.075,0.052,0.051,0.05,0.049,0.048,0.045,0.044,0.043,0.043,0.043,0.044
S5_C8_03-10-2021_Right,0.0,0.0,0.0,0.4455794444444444,0.5544205555555556,C8,Falcon 48 Well Plate 1500 µL,5,0.0,0.0,0.0,618.5407186777887,831.6308333333333,0.335,0.117,0.092,0.088,0.086,0.084,0.085,0.084,0.084,0.09,0.089,0.093,0.111
S5_D1_03-10-2021_Right,0.0,0.0,0.0,0.5566905555555556,0.4433094444444444,D1,Falcon 48 Well Plate 1500 µL,5,0.0,0.0,0.0,753.0135333429996,664.9641666666665,0.288,0.066,0.043,0.043,0.042,0.042,0.042,0.041,0.04,0.047,0.046,0.049,0.069
S5_D2_03-10-2021_Right,0.0,0.0,0.0,0.6678016666666666,0.3321983333333334,D2,Falcon 48 Well Plate 1500 µL,5,0.0,0.0,0.0,877.428148564824,498.29750000000007,0.282,0.065,0.042,0.04,0.038,0.039,0.04,0.039,0.039,0.043,0.042,0.045,0.067
S5_D3_03-10-2021_Right,0.0,0.0,0.0,0.7789127777777777,0.22108722222222232,D3,Falcon 48 Well Plate 1500 µL,5,0.0,0.0,0.0,991.2312049248727,331.6308333333335,0.285,0.066,0.043,0.04,0.039,0.039,0.04,0.039,0.038,0.043,0.042,0.044,0.067
S5_D4_03-10-2021_Right,0.0,0.0,0.0,0.8900238888888888,0.10997611111111116,D4,Falcon 48 Well Plate 1500 µL,5,0.0,0.0,0.0,1094.4018487698365,164.96416666666676,0.307,0.082,0.058,0.053,0.051,0.05,0.049,0.047,0.046,0.046,0.045,0.045,0.045
