UID,dppc wtf,dspepeg200 wtf,pfh wtf,ethanol wtf,water wtf,Well,Labware,Slot,dppc-ethanol-stock uL,dspepeg2000-ethanol-stock uL,pfh-ethanol-stock uL,ethanol-stock uL,water-stock uL,200.0nm,250.0nm,300.0nm,350.0nm,400.0nm,450.0nm,500.0nm,550.0nm,600.0nm,650.0nm,700.0nm,750.0nm,800.0nm,850.0nm,900.0nm,950.0nm
S2_A1_03-23-2021_Right,7.5e-05,3.5e-05,0.0,0.1105263157894736,0.8893636842105264,A1,Falcon 48 Well Plate 1500 µL,2,30.000001741800094,33.267985504663464,0.0,23.54352623826038,711.4909473684211,3.34,3.466,0.284,0.065,0.043,0.041,0.038,0.038,0.039,0.038,0.039,0.047,0.046,0.053,0.063,0.125
S2_A2_03-23-2021_Right,7.5e-05,3.5e-05,0.0,0.1473684210526315,0.8525215789473685,A2,Falcon 48 Well Plate 1500 µL,2,30.000001741800094,33.267985504663464,0.0,51.87981714362404,682.0172631578948,3.356,3.502,0.292,0.078,0.057,0.055,0.055,0.056,0.057,0.056,0.057,0.064,0.064,0.07,0.083,0.138
S2_A3_03-23-2021_Right,7.5e-05,3.5e-05,0.0,0.1842105263157894,0.8156794736842106,A3,Falcon 48 Well Plate 1500 µL,2,30.000001741800094,33.267985504663464,0.0,79.87761830469981,652.5435789473685,3.361,3.513,0.296,0.083,0.06,0.059,0.058,0.057,0.057,0.055,0.054,0.06,0.059,0.065,0.074,0.126
S2_A4_03-23-2021_Right,7.5e-05,3.5e-05,0.0,0.2210526315789473,0.7788373684210527,A4,Falcon 48 Well Plate 1500 µL,2,30.000001741800094,33.267985504663464,0.0,107.51253111310504,623.0698947368421,3.349,3.518,0.285,0.066,0.044,0.04,0.04,0.041,0.041,0.04,0.039,0.044,0.043,0.047,0.059,0.106
S2_A5_03-23-2021_Right,7.5e-05,3.5e-05,0.0,0.2578947368421052,0.7419952631578948,A5,Falcon 48 Well Plate 1500 µL,2,30.000001741800094,33.267985504663464,0.0,134.75954273516103,593.5962105263159,3.353,3.517,0.305,0.069,0.045,0.043,0.042,0.041,0.041,0.04,0.04,0.045,0.044,0.048,0.06,0.104
S2_A6_03-23-2021_Right,7.5e-05,3.5e-05,0.0,0.2947368421052631,0.7051531578947369,A6,Falcon 48 Well Plate 1500 µL,2,30.000001741800094,33.267985504663464,0.0,161.5933344455735,564.1225263157895,3.381,3.474,0.413,0.103,0.07,0.065,0.062,0.061,0.059,0.057,0.056,0.06,0.059,0.064,0.074,0.116
S2_A7_03-23-2021_Right,7.5e-05,3.5e-05,0.0,0.331578947368421,0.668311052631579,A7,Falcon 48 Well Plate 1500 µL,2,30.000001741800094,33.267985504663464,0.0,187.9885899611129,534.6488421052632,3.434,3.547,0.422,0.178,0.148,0.141,0.136,0.134,0.132,0.131,0.13,0.134,0.133,0.136,0.15,0.186
S2_A8_03-23-2021_Right,7.5e-05,3.5e-05,0.0,0.3684210526315789,0.6314689473684211,A8,Falcon 48 Well Plate 1500 µL,2,30.000001741800094,33.267985504663464,0.0,213.92030377429532,505.17515789473686,3.355,3.482,0.323,0.086,0.062,0.058,0.058,0.059,0.059,0.059,0.06,0.066,0.066,0.071,0.084,0.119
S2_B1_03-23-2021_Right,7.5e-05,3.5e-05,0.0,0.4052631578947368,0.5946268421052632,B1,Falcon 48 Well Plate 1500 µL,2,30.000001741800094,33.267985504663464,0.0,239.36408948706247,475.70147368421055,3.428,3.525,0.407,0.195,0.171,0.169,0.167,0.167,0.166,0.164,0.163,0.167,0.167,0.171,0.185,0.216
S2_B2_03-23-2021_Right,7.5e-05,3.5e-05,0.0,0.4421052631578946,0.5577847368421054,B2,Falcon 48 Well Plate 1500 µL,2,30.000001741800094,33.267985504663464,0.0,264.29648814446216,446.2277894736844,3.334,3.473,0.282,0.074,0.05,0.045,0.043,0.043,0.043,0.042,0.042,0.045,0.044,0.047,0.06,0.089
S2_B3_03-23-2021_Right,7.5e-05,3.5e-05,0.0,0.4789473684210525,0.5209426315789474,B3,Falcon 48 Well Plate 1500 µL,2,30.000001741800094,33.267985504663464,0.0,288.69527656832963,416.754105263158,3.329,3.452,0.288,0.075,0.051,0.048,0.045,0.044,0.043,0.041,0.04,0.044,0.043,0.047,0.06,0.088
S2_B4_03-23-2021_Right,7.5e-05,3.5e-05,0.0,0.5157894736842105,0.4841005263157895,B4,Falcon 48 Well Plate 1500 µL,2,30.000001741800094,33.267985504663464,0.0,312.5397756909667,387.2804210526316,3.343,3.426,0.325,0.108,0.085,0.08,0.082,0.08,0.074,0.075,0.075,0.078,0.077,0.079,0.094,0.118
S2_B5_03-23-2021_Right,7.5e-05,3.5e-05,0.0,0.5526315789473684,0.4472584210526316,B5,Falcon 48 Well Plate 1500 µL,2,30.000001741800094,33.267985504663464,0.0,335.8111588888234,357.8067368421053,3.327,3.433,0.301,0.076,0.052,0.048,0.048,0.047,0.044,0.042,0.042,0.046,0.045,0.048,0.063,0.088
S2_B6_03-23-2021_Right,7.5e-05,3.5e-05,0.0,0.5894736842105263,0.4104163157894737,B6,Falcon 48 Well Plate 1500 µL,2,30.000001741800094,33.267985504663464,0.0,358.492760316178,328.333052631579,3.35,3.503,0.297,0.075,0.051,0.047,0.045,0.044,0.042,0.04,0.04,0.043,0.043,0.046,0.061,0.082
S2_B7_03-23-2021_Right,7.5e-05,3.5e-05,0.0,0.6263157894736842,0.3735742105263158,B7,Falcon 48 Well Plate 1500 µL,2,30.000001741800094,33.267985504663464,0.0,380.5703832388172,298.85936842105264,3.348,3.499,0.289,0.074,0.05,0.047,0.045,0.043,0.042,0.042,0.042,0.047,0.045,0.048,0.063,0.084
S2_B8_03-23-2021_Right,7.5e-05,3.5e-05,0.0,0.6631578947368421,0.3367321052631579,B8,Falcon 48 Well Plate 1500 µL,2,30.000001741800094,33.267985504663464,0.0,402.0326083677173,269.38568421052634,3.348,3.503,0.293,0.075,0.051,0.046,0.044,0.044,0.042,0.041,0.04,0.043,0.043,0.045,0.061,0.08
S2_C1_03-23-2021_Right,7.5e-05,3.5e-05,0.0,0.7,0.29989,C1,Falcon 48 Well Plate 1500 µL,2,30.000001741800094,33.267985504663464,0.0,422.871102192724,239.912,3.347,3.489,0.301,0.07,0.046,0.046,0.044,0.042,0.041,0.039,0.039,0.043,0.043,0.047,0.064,0.08
S2_C2_03-23-2021_Right,7.5e-05,3.5e-05,0.0004166666666666,0.1842105263157894,0.8152628070175438,C2,Falcon 48 Well Plate 1500 µL,2,30.000001741800094,33.267985504663464,42.19409282700423,37.88312627609877,652.2102456140351,3.397,3.524,0.369,0.082,0.072,0.082,0.166,0.116,0.04,0.039,0.038,0.044,0.043,0.048,0.059,0.111
S2_C3_03-23-2021_Right,7.5e-05,3.5e-05,0.0004166666666666,0.2210526315789473,0.778420701754386,C3,Falcon 48 Well Plate 1500 µL,2,30.000001741800094,33.267985504663464,42.19409282700423,65.51803908450398,622.7365614035089,3.399,3.535,0.37,0.088,0.079,0.089,0.177,0.124,0.044,0.043,0.043,0.049,0.047,0.052,0.064,0.111
S2_C4_03-23-2021_Right,7.5e-05,3.5e-05,0.0004166666666666,0.2578947368421052,0.741578596491228,C4,Falcon 48 Well Plate 1500 µL,2,30.000001741800094,33.267985504663464,42.19409282700423,92.76505070656,593.2628771929824,3.394,3.567,0.337,0.083,0.076,0.087,0.175,0.124,0.041,0.039,0.039,0.044,0.043,0.048,0.06,0.104
S2_C5_03-23-2021_Right,7.5e-05,3.5e-05,0.0004166666666666,0.2947368421052631,0.7047364912280702,C5,Falcon 48 Well Plate 1500 µL,2,30.000001741800094,33.267985504663464,42.19409282700423,119.59884241697247,563.7891929824563,3.399,3.566,0.331,0.086,0.076,0.084,0.168,0.121,0.041,0.04,0.04,0.046,0.045,0.049,0.061,0.101
S2_C6_03-23-2021_Right,7.5e-05,3.5e-05,0.0004166666666666,0.331578947368421,0.6678943859649122,C6,Falcon 48 Well Plate 1500 µL,2,30.000001741800094,33.267985504663464,42.19409282700423,145.9940979325119,534.3155087719298,3.389,3.554,0.326,0.09,0.08,0.087,0.173,0.127,0.043,0.04,0.04,0.044,0.043,0.048,0.06,0.098
S2_C7_03-23-2021_Right,7.5e-05,3.5e-05,0.0004166666666666,0.3684210526315789,0.6310522807017545,C7,Falcon 48 Well Plate 1500 µL,2,30.000001741800094,33.267985504663464,42.19409282700423,171.92581174569432,504.8418245614036,3.394,3.558,0.332,0.089,0.08,0.09,0.173,0.129,0.043,0.041,0.04,0.045,0.044,0.049,0.063,0.099
S2_C8_03-23-2021_Right,7.5e-05,3.5e-05,0.0004166666666666,0.4052631578947368,0.5942101754385964,C8,Falcon 48 Well Plate 1500 µL,2,30.000001741800094,33.267985504663464,42.19409282700423,197.36959745846144,475.3681403508772,3.372,3.494,0.332,0.089,0.079,0.087,0.166,0.126,0.043,0.041,0.04,0.044,0.043,0.047,0.06,0.092
S2_D1_03-23-2021_Right,7.5e-05,3.5e-05,0.0004166666666666,0.4421052631578946,0.5573680701754387,D1,Falcon 48 Well Plate 1500 µL,2,30.000001741800094,33.267985504663464,42.19409282700423,222.3019961158612,445.8944561403509,3.422,3.525,0.415,0.156,0.143,0.151,0.228,0.191,0.108,0.106,0.106,0.11,0.108,0.11,0.125,0.151
S2_D2_03-23-2021_Right,7.5e-05,3.5e-05,0.0004166666666666,0.4789473684210525,0.5205259649122808,D2,Falcon 48 Well Plate 1500 µL,2,30.000001741800094,33.267985504663464,42.19409282700423,246.70078453972852,416.42077192982464,3.396,3.499,0.35,0.103,0.093,0.102,0.179,0.146,0.067,0.066,0.065,0.07,0.069,0.073,0.085,0.115
S2_D3_03-23-2021_Right,7.5e-05,3.5e-05,0.0004166666666666,0.5157894736842105,0.4836838596491228,D3,Falcon 48 Well Plate 1500 µL,2,30.000001741800094,33.267985504663464,42.19409282700423,270.54528366236565,386.9470877192984,3.384,3.517,0.344,0.09,0.077,0.085,0.162,0.128,0.044,0.043,0.042,0.046,0.044,0.047,0.061,0.086
S2_D4_03-23-2021_Right,7.5e-05,3.5e-05,0.0004166666666666,0.5526315789473684,0.4468417543859649,D4,Falcon 48 Well Plate 1500 µL,2,30.000001741800094,33.267985504663464,42.19409282700423,293.8166668602224,357.473403508772,3.388,3.525,0.341,0.087,0.076,0.083,0.161,0.128,0.042,0.04,0.04,0.043,0.043,0.046,0.061,0.087
S2_D5_03-23-2021_Right,7.5e-05,3.5e-05,0.0004166666666666,0.5894736842105263,0.409999649122807,D5,Falcon 48 Well Plate 1500 µL,2,30.000001741800094,33.267985504663464,42.19409282700423,316.49826828757693,327.9997192982457,3.392,3.523,0.363,0.09,0.078,0.085,0.165,0.134,0.043,0.041,0.04,0.043,0.043,0.046,0.06,0.083
S2_D6_03-23-2021_Right,7.5e-05,3.5e-05,0.0004166666666666,0.6263157894736842,0.3731575438596491,D6,Falcon 48 Well Plate 1500 µL,2,30.000001741800094,33.267985504663464,42.19409282700423,338.5758912102162,298.5260350877194,3.391,3.553,0.35,0.089,0.079,0.087,0.172,0.14,0.042,0.04,0.04,0.044,0.043,0.046,0.062,0.083
S2_D7_03-23-2021_Right,7.5e-05,3.5e-05,0.0004166666666666,0.6631578947368421,0.3363154385964912,D7,Falcon 48 Well Plate 1500 µL,2,30.000001741800094,33.267985504663464,42.19409282700423,360.03811633911624,269.052350877193,3.382,3.541,0.33,0.085,0.076,0.086,0.17,0.139,0.044,0.042,0.041,0.046,0.045,0.047,0.063,0.083
S2_D8_03-23-2021_Right,7.5e-05,3.5e-05,0.0004166666666666,0.7,0.2994733333333333,D8,Falcon 48 Well Plate 1500 µL,2,30.000001741800094,33.267985504663464,42.19409282700423,380.876610164123,239.57866666666672,3.384,3.524,0.326,0.085,0.076,0.086,0.166,0.137,0.043,0.042,0.041,0.044,0.043,0.045,0.061,0.078
S2_E1_03-23-2021_Right,7.5e-05,3.5e-05,0.0008333333333333,0.2210526315789473,0.7780040350877193,E1,Falcon 48 Well Plate 1500 µL,2,30.000001741800094,33.267985504663464,84.38818565400845,23.52354705590298,622.4032280701755,3.441,3.605,0.384,0.095,0.105,0.129,0.311,0.205,0.042,0.04,0.039,0.044,0.043,0.048,0.059,0.108
S2_E2_03-23-2021_Right,7.5e-05,3.5e-05,0.0008333333333333,0.2578947368421052,0.7411619298245614,E2,Falcon 48 Well Plate 1500 µL,2,30.000001741800094,33.267985504663464,84.38818565400845,50.77055867795899,592.9295438596491,3.433,3.595,0.368,0.096,0.105,0.128,0.306,0.205,0.041,0.039,0.039,0.044,0.043,0.047,0.059,0.104
S2_E3_03-23-2021_Right,7.5e-05,3.5e-05,0.0008333333333333,0.2947368421052631,0.7043198245614035,E3,Falcon 48 Well Plate 1500 µL,2,30.000001741800094,33.267985504663464,84.38818565400845,77.60435038837146,563.4558596491228,3.485,3.636,0.429,0.165,0.169,0.188,0.357,0.262,0.102,0.098,0.097,0.102,0.1,0.105,0.115,0.158
S2_E4_03-23-2021_Right,7.5e-05,3.5e-05,0.0008333333333333,0.331578947368421,0.6674777192982456,E4,Falcon 48 Well Plate 1500 µL,2,30.000001741800094,33.267985504663464,84.38818565400845,103.99960590391088,533.9821754385965,3.413,3.545,0.372,0.102,0.107,0.128,0.293,0.205,0.047,0.044,0.044,0.05,0.048,0.052,0.064,0.103
S2_E5_03-23-2021_Right,7.5e-05,3.5e-05,0.0008333333333333,0.3684210526315789,0.6306356140350877,E5,Falcon 48 Well Plate 1500 µL,2,30.000001741800094,33.267985504663464,84.38818565400845,129.93131971709332,504.50849122807017,3.415,3.539,0.372,0.104,0.112,0.132,0.296,0.213,0.051,0.049,0.048,0.053,0.052,0.056,0.07,0.107
S2_E6_03-23-2021_Right,7.5e-05,3.5e-05,0.0008333333333333,0.4052631578947368,0.5937935087719298,E6,Falcon 48 Well Plate 1500 µL,2,30.000001741800094,33.267985504663464,84.38818565400845,155.37510542986044,475.0348070175439,3.437,3.587,0.386,0.105,0.108,0.128,0.297,0.216,0.044,0.042,0.042,0.046,0.045,0.048,0.061,0.093
S2_E7_03-23-2021_Right,7.5e-05,3.5e-05,0.0008333333333333,0.4421052631578946,0.5569514035087719,E7,Falcon 48 Well Plate 1500 µL,2,30.000001741800094,33.267985504663464,84.38818565400845,180.30750408726016,445.5611228070176,3.514,3.621,0.511,0.225,0.222,0.239,0.395,0.321,0.157,0.152,0.149,0.155,0.153,0.156,0.166,0.199
S2_E8_03-23-2021_Right,7.5e-05,3.5e-05,0.0008333333333333,0.4789473684210525,0.5201092982456141,E8,Falcon 48 Well Plate 1500 µL,2,30.000001741800094,33.267985504663464,84.38818565400845,204.70629251112757,416.0874385964913,3.422,3.546,0.398,0.105,0.105,0.123,0.28,0.21,0.044,0.041,0.041,0.044,0.043,0.047,0.06,0.088
S2_F1_03-23-2021_Right,7.5e-05,3.5e-05,0.0008333333333333,0.5157894736842105,0.4832671929824562,F1,Falcon 48 Well Plate 1500 µL,2,30.000001741800094,33.267985504663464,84.38818565400845,228.55079163376465,386.613754385965,3.424,3.505,0.426,0.106,0.106,0.123,0.282,0.215,0.044,0.042,0.041,0.044,0.044,0.047,0.06,0.085
S2_F2_03-23-2021_Right,7.5e-05,3.5e-05,0.0008333333333333,0.5526315789473684,0.4464250877192983,F2,Falcon 48 Well Plate 1500 µL,2,30.000001741800094,33.267985504663464,84.38818565400845,251.8221748316214,357.1400701754387,3.422,3.586,0.373,0.1,0.104,0.121,0.279,0.216,0.044,0.041,0.041,0.044,0.043,0.046,0.06,0.084
S2_F3_03-23-2021_Right,7.5e-05,3.5e-05,0.0008333333333333,0.5894736842105263,0.4095829824561404,F3,Falcon 48 Well Plate 1500 µL,2,30.000001741800094,33.267985504663464,84.38818565400845,274.5037762589759,327.6663859649124,3.422,3.573,0.373,0.1,0.103,0.122,0.278,0.216,0.044,0.042,0.041,0.045,0.043,0.046,0.061,0.083
S2_F4_03-23-2021_Right,7.5e-05,3.5e-05,0.0008333333333333,0.6263157894736842,0.3727408771929825,F4,Falcon 48 Well Plate 1500 µL,2,30.000001741800094,33.267985504663464,84.38818565400845,296.5813991816152,298.19270175438606,3.417,3.575,0.37,0.101,0.104,0.124,0.283,0.223,0.044,0.042,0.041,0.044,0.043,0.045,0.061,0.081
S2_F5_03-23-2021_Right,7.5e-05,3.5e-05,0.0008333333333333,0.6631578947368421,0.3358987719298246,F5,Falcon 48 Well Plate 1500 µL,2,30.000001741800094,33.267985504663464,84.38818565400845,318.04362431051527,268.71901754385976,3.427,3.586,0.382,0.104,0.108,0.13,0.297,0.233,0.044,0.042,0.042,0.046,0.044,0.047,0.063,0.082
S2_F6_03-23-2021_Right,7.5e-05,3.5e-05,0.0008333333333333,0.7,0.2990566666666667,F6,Falcon 48 Well Plate 1500 µL,2,30.000001741800094,33.267985504663464,84.38818565400845,338.882118135522,239.24533333333343,3.421,3.567,0.361,0.093,0.101,0.124,0.292,0.232,0.041,0.039,0.038,0.042,0.041,0.043,0.06,0.077
S2_F7_03-23-2021_Right,7.5e-05,3.5e-05,0.00125,0.2947368421052631,0.7039031578947369,F7,Falcon 48 Well Plate 1500 µL,2,30.000001741800094,33.267985504663464,126.58227848101266,35.6098583597704,563.1225263157895,3.465,3.631,0.408,0.113,0.134,0.167,0.424,0.283,0.043,0.04,0.04,0.044,0.043,0.047,0.06,0.101
S2_F8_03-23-2021_Right,7.5e-05,3.5e-05,0.00125,0.331578947368421,0.667061052631579,F8,Falcon 48 Well Plate 1500 µL,2,30.000001741800094,33.267985504663464,126.58227848101266,62.005113875309824,533.6488421052632,3.453,3.572,0.42,0.119,0.139,0.174,0.431,0.296,0.046,0.042,0.041,0.046,0.044,0.048,0.06,0.098
S3_A1_03-23-2021_Right,7.5e-05,3.5e-05,0.00125,0.3684210526315789,0.6302189473684211,A1,Falcon 48 Well Plate 1500 µL,3,30.000001741800094,33.267985504663464,126.58227848101266,87.93682768849226,504.17515789473686,3.454,3.579,0.426,0.127,0.149,0.183,0.445,0.315,0.056,0.053,0.053,0.058,0.058,0.062,0.076,0.111
S3_A2_03-23-2021_Right,7.5e-05,3.5e-05,0.00125,0.4052631578947368,0.5933768421052632,A2,Falcon 48 Well Plate 1500 µL,3,30.000001741800094,33.267985504663464,126.58227848101266,113.38061340125938,474.70147368421055,3.568,3.684,0.553,0.253,0.269,0.3,0.551,0.429,0.179,0.173,0.171,0.175,0.174,0.178,0.189,0.224
S3_A3_03-23-2021_Right,7.5e-05,3.5e-05,0.00125,0.4421052631578946,0.5565347368421053,A3,Falcon 48 Well Plate 1500 µL,3,30.000001741800094,33.267985504663464,126.58227848101266,138.3130120586591,445.22778947368425,3.492,3.642,0.445,0.157,0.179,0.21,0.453,0.343,0.095,0.092,0.092,0.096,0.095,0.098,0.112,0.142
S3_A4_03-23-2021_Right,7.5e-05,3.5e-05,0.00125,0.4789473684210525,0.5196926315789474,A4,Falcon 48 Well Plate 1500 µL,3,30.000001741800094,33.267985504663464,126.58227848101266,162.71180048252648,415.754105263158,3.456,3.604,0.415,0.114,0.131,0.16,0.395,0.289,0.044,0.041,0.04,0.044,0.043,0.046,0.06,0.089
S3_A5_03-23-2021_Right,7.5e-05,3.5e-05,0.00125,0.5157894736842105,0.4828505263157895,A5,Falcon 48 Well Plate 1500 µL,3,30.000001741800094,33.267985504663464,126.58227848101266,186.5562996051636,386.2804210526316,3.456,3.602,0.425,0.118,0.137,0.166,0.41,0.306,0.048,0.046,0.045,0.05,0.048,0.051,0.067,0.094
S3_A6_03-23-2021_Right,7.5e-05,3.5e-05,0.00125,0.5526315789473684,0.4460084210526316,A6,Falcon 48 Well Plate 1500 µL,3,30.000001741800094,33.267985504663464,126.58227848101266,209.82768280302037,356.8067368421053,3.456,3.606,0.422,0.114,0.129,0.158,0.391,0.294,0.045,0.042,0.041,0.045,0.043,0.045,0.06,0.084
S3_A7_03-23-2021_Right,7.5e-05,3.5e-05,0.00125,0.5894736842105263,0.4091663157894737,A7,Falcon 48 Well Plate 1500 µL,3,30.000001741800094,33.267985504663464,126.58227848101266,232.50928423037487,327.333052631579,3.46,3.615,0.408,0.112,0.131,0.162,0.406,0.31,0.044,0.041,0.04,0.043,0.042,0.045,0.061,0.083
S3_A8_03-23-2021_Right,7.5e-05,3.5e-05,0.00125,0.6263157894736842,0.3723242105263158,A8,Falcon 48 Well Plate 1500 µL,3,30.000001741800094,33.267985504663464,126.58227848101266,254.58690715301407,297.85936842105264,3.46,3.615,0.41,0.115,0.134,0.166,0.412,0.318,0.045,0.042,0.041,0.044,0.043,0.045,0.061,0.081
S3_B1_03-23-2021_Right,7.5e-05,3.5e-05,0.00125,0.6631578947368421,0.3354821052631579,B1,Falcon 48 Well Plate 1500 µL,3,30.000001741800094,33.267985504663464,126.58227848101266,276.0491322819142,268.38568421052634,3.464,3.626,0.415,0.114,0.135,0.172,0.429,0.331,0.043,0.041,0.041,0.045,0.044,0.046,0.062,0.081
S3_B2_03-23-2021_Right,7.5e-05,3.5e-05,0.00125,0.7,0.29864,B2,Falcon 48 Well Plate 1500 µL,3,30.000001741800094,33.267985504663464,126.58227848101266,296.88762610692095,238.912,3.462,3.615,0.403,0.11,0.131,0.167,0.421,0.326,0.042,0.04,0.039,0.043,0.042,0.044,0.062,0.079
S3_B3_03-23-2021_Right,7.5e-05,3.5e-05,0.0016666666666666,0.331578947368421,0.6666443859649123,B3,Falcon 48 Well Plate 1500 µL,3,30.000001741800094,33.267985504663464,168.7763713080169,20.010621846708798,533.3155087719298,3.504,3.669,0.468,0.132,0.167,0.213,0.564,0.384,0.044,0.041,0.04,0.045,0.044,0.047,0.06,0.097
S3_B4_03-23-2021_Right,7.5e-05,3.5e-05,0.0016666666666666,0.3684210526315789,0.6298022807017545,B4,Falcon 48 Well Plate 1500 µL,3,30.000001741800094,33.267985504663464,168.7763713080169,45.94233565989123,503.8418245614036,3.527,3.622,0.523,0.204,0.241,0.288,0.628,0.458,0.122,0.116,0.115,0.12,0.119,0.123,0.134,0.172
S3_B5_03-23-2021_Right,7.5e-05,3.5e-05,0.0016666666666666,0.4052631578947368,0.5929601754385965,B5,Falcon 48 Well Plate 1500 µL,3,30.000001741800094,33.267985504663464,168.7763713080169,71.38612137265835,474.3681403508772,3.478,3.601,0.46,0.133,0.169,0.215,0.569,0.402,0.046,0.042,0.042,0.048,0.048,0.052,0.067,0.1
S3_B6_03-23-2021_Right,7.5e-05,3.5e-05,0.0016666666666666,0.4421052631578946,0.5561180701754387,B6,Falcon 48 Well Plate 1500 µL,3,30.000001741800094,33.267985504663464,168.7763713080169,96.31852003005804,444.8944561403509,3.513,3.659,0.47,0.155,0.189,0.23,0.556,0.406,0.072,0.07,0.07,0.073,0.072,0.075,0.093,0.121
S3_B7_03-23-2021_Right,7.5e-05,3.5e-05,0.0016666666666666,0.4789473684210525,0.5192759649122808,B7,Falcon 48 Well Plate 1500 µL,3,30.000001741800094,33.267985504663464,168.7763713080169,120.71730845392544,415.42077192982464,3.538,3.673,0.512,0.196,0.23,0.274,0.592,0.454,0.13,0.124,0.124,0.128,0.128,0.133,0.15,0.177
S3_B8_03-23-2021_Right,7.5e-05,3.5e-05,0.0016666666666666,0.5157894736842105,0.4824338596491229,B8,Falcon 48 Well Plate 1500 µL,3,30.000001741800094,33.267985504663464,168.7763713080169,144.56180757656253,385.9470877192984,3.498,3.648,0.458,0.129,0.166,0.212,0.557,0.397,0.046,0.042,0.04,0.044,0.044,0.047,0.062,0.087
S3_C1_03-23-2021_Right,7.5e-05,3.5e-05,0.0016666666666666,0.5526315789473684,0.445591754385965,C1,Falcon 48 Well Plate 1500 µL,3,30.000001741800094,33.267985504663464,168.7763713080169,167.8331907744193,356.473403508772,3.631,3.749,0.651,0.297,0.316,0.356,0.666,0.518,0.2,0.188,0.184,0.187,0.188,0.192,0.194,0.228
S3_C2_03-23-2021_Right,7.5e-05,3.5e-05,0.0016666666666666,0.5894736842105263,0.4087496491228071,C2,Falcon 48 Well Plate 1500 µL,3,30.000001741800094,33.267985504663464,168.7763713080169,190.51479220177384,326.9997192982457,3.486,3.644,0.454,0.127,0.157,0.199,0.517,0.372,0.045,0.041,0.04,0.043,0.043,0.046,0.061,0.084
S3_C3_03-23-2021_Right,7.5e-05,3.5e-05,0.0016666666666666,0.6263157894736842,0.3719075438596492,C3,Falcon 48 Well Plate 1500 µL,3,30.000001741800094,33.267985504663464,168.7763713080169,212.5924151244131,297.5260350877194,3.486,3.641,0.445,0.124,0.153,0.195,0.503,0.363,0.045,0.041,0.04,0.043,0.043,0.045,0.061,0.082
S3_C4_03-23-2021_Right,7.5e-05,3.5e-05,0.0016666666666666,0.6631578947368421,0.3350654385964913,C4,Falcon 48 Well Plate 1500 µL,3,30.000001741800094,33.267985504663464,168.7763713080169,234.05464025331315,268.052350877193,3.489,3.649,0.443,0.124,0.158,0.204,0.534,0.388,0.044,0.041,0.04,0.043,0.043,0.045,0.062,0.08
S3_C5_03-23-2021_Right,7.5e-05,3.5e-05,0.0016666666666666,0.7,0.2982233333333334,C5,Falcon 48 Well Plate 1500 µL,3,30.000001741800094,33.267985504663464,168.7763713080169,254.89313407831992,238.57866666666672,3.492,3.643,0.445,0.122,0.162,0.212,0.564,0.409,0.043,0.04,0.039,0.042,0.042,0.044,0.062,0.079
S3_C6_03-23-2021_Right,7.5e-05,3.5e-05,0.0020833333333333,0.4052631578947368,0.5925435087719298,C6,Falcon 48 Well Plate 1500 µL,3,30.000001741800094,33.267985504663464,210.9704641350211,29.391629344057367,474.0348070175439,3.558,3.7,0.532,0.185,0.233,0.29,0.709,0.501,0.092,0.085,0.084,0.089,0.088,0.093,0.106,0.14
S3_C7_03-23-2021_Right,7.5e-05,3.5e-05,0.0020833333333333,0.4421052631578946,0.555701403508772,C7,Falcon 48 Well Plate 1500 µL,3,30.000001741800094,33.267985504663464,210.9704641350211,54.32402800145708,444.5611228070176,3.522,3.69,0.491,0.143,0.192,0.249,0.674,0.47,0.046,0.041,0.04,0.044,0.043,0.046,0.06,0.089
S3_C8_03-23-2021_Right,7.5e-05,3.5e-05,0.0020833333333333,0.4789473684210525,0.5188592982456142,C8,Falcon 48 Well Plate 1500 µL,3,30.000001741800094,33.267985504663464,210.9704641350211,78.72281642532447,415.0874385964913,3.492,3.599,0.486,0.143,0.192,0.249,0.668,0.466,0.048,0.044,0.043,0.047,0.046,0.05,0.065,0.096
S3_D1_03-23-2021_Right,7.5e-05,3.5e-05,0.0020833333333333,0.5157894736842105,0.4820171929824561,D1,Falcon 48 Well Plate 1500 µL,3,30.000001741800094,33.267985504663464,210.9704641350211,102.56731554796156,385.61375438596497,3.579,3.674,0.582,0.241,0.289,0.347,0.758,0.566,0.155,0.15,0.149,0.155,0.155,0.159,0.165,0.195
S3_D2_03-23-2021_Right,7.5e-05,3.5e-05,0.0020833333333333,0.5526315789473684,0.4451750877192982,D2,Falcon 48 Well Plate 1500 µL,3,30.000001741800094,33.267985504663464,210.9704641350211,125.83869874581832,356.14007017543867,3.511,3.668,0.472,0.135,0.179,0.233,0.619,0.439,0.044,0.04,0.04,0.044,0.044,0.048,0.063,0.089
S3_D3_03-23-2021_Right,7.5e-05,3.5e-05,0.0020833333333333,0.5894736842105263,0.4083329824561403,D3,Falcon 48 Well Plate 1500 µL,3,30.000001741800094,33.267985504663464,210.9704641350211,148.52030017317287,326.6663859649123,3.514,3.667,0.48,0.139,0.185,0.241,0.644,0.459,0.044,0.04,0.04,0.044,0.043,0.047,0.063,0.086
S3_D4_03-23-2021_Right,7.5e-05,3.5e-05,0.0020833333333333,0.6263157894736842,0.3714908771929824,D4,Falcon 48 Well Plate 1500 µL,3,30.000001741800094,33.267985504663464,210.9704641350211,170.59792309581212,297.192701754386,3.511,3.673,0.48,0.136,0.177,0.23,0.61,0.437,0.044,0.04,0.04,0.043,0.043,0.046,0.062,0.084
S3_D5_03-23-2021_Right,7.5e-05,3.5e-05,0.0020833333333333,0.6631578947368421,0.3346487719298245,D5,Falcon 48 Well Plate 1500 µL,3,30.000001741800094,33.267985504663464,210.9704641350211,192.06014822471215,267.7190175438597,3.507,3.673,0.474,0.135,0.179,0.234,0.624,0.449,0.044,0.041,0.041,0.045,0.045,0.048,0.064,0.084
S3_D6_03-23-2021_Right,7.5e-05,3.5e-05,0.0020833333333333,0.7,0.2978066666666666,D6,Falcon 48 Well Plate 1500 µL,3,30.000001741800094,33.267985504663464,210.9704641350211,212.8986420497189,238.24533333333332,3.513,3.668,0.482,0.132,0.181,0.24,0.646,0.467,0.043,0.039,0.039,0.043,0.043,0.046,0.063,0.081
S3_D7_03-23-2021_Right,7.5e-05,3.5e-05,0.0025,0.4789473684210525,0.5184426315789474,D7,Falcon 48 Well Plate 1500 µL,3,30.000001741800094,33.267985504663464,253.16455696202533,36.72832439672341,414.754105263158,3.528,3.691,0.519,0.149,0.205,0.269,0.735,0.512,0.045,0.041,0.04,0.044,0.043,0.047,0.061,0.089
S3_D8_03-23-2021_Right,7.5e-05,3.5e-05,0.0025,0.5157894736842105,0.4816005263157895,D8,Falcon 48 Well Plate 1500 µL,3,30.000001741800094,33.267985504663464,253.16455696202533,60.5728235193605,385.28042105263165,3.544,3.698,0.525,0.149,0.206,0.27,0.737,0.516,0.046,0.041,0.04,0.043,0.043,0.046,0.06,0.087
S3_E1_03-23-2021_Right,7.5e-05,3.5e-05,0.0025,0.5526315789473684,0.4447584210526316,E1,Falcon 48 Well Plate 1500 µL,3,30.000001741800094,33.267985504663464,253.16455696202533,83.84420671721726,355.8067368421053,3.548,3.713,0.521,0.151,0.211,0.279,0.763,0.537,0.046,0.041,0.04,0.043,0.043,0.046,0.061,0.086
S3_E2_03-23-2021_Right,7.5e-05,3.5e-05,0.0025,0.5894736842105263,0.4079163157894737,E2,Falcon 48 Well Plate 1500 µL,3,30.000001741800094,33.267985504663464,253.16455696202533,106.5258081445718,326.33305263157905,3.543,3.702,0.523,0.149,0.21,0.279,0.767,0.545,0.044,0.04,0.039,0.043,0.042,0.045,0.061,0.083
S3_E3_03-23-2021_Right,7.5e-05,3.5e-05,0.0025,0.6263157894736842,0.3710742105263158,E3,Falcon 48 Well Plate 1500 µL,3,30.000001741800094,33.267985504663464,253.16455696202533,128.60343106721106,296.8593684210527,3.546,3.702,0.524,0.151,0.211,0.28,0.765,0.544,0.045,0.04,0.04,0.044,0.043,0.046,0.062,0.084
S3_E4_03-23-2021_Right,7.5e-05,3.5e-05,0.0025,0.6631578947368421,0.3342321052631579,E4,Falcon 48 Well Plate 1500 µL,3,30.000001741800094,33.267985504663464,253.16455696202533,150.06565619611112,267.3856842105264,3.518,3.633,0.503,0.146,0.207,0.276,0.753,0.538,0.044,0.04,0.039,0.043,0.043,0.046,0.062,0.081
S3_E5_03-23-2021_Right,7.5e-05,3.5e-05,0.0025,0.7,0.29739,E5,Falcon 48 Well Plate 1500 µL,3,30.000001741800094,33.267985504663464,253.16455696202533,170.90415002111786,237.91200000000003,3.502,3.606,0.503,0.143,0.206,0.278,0.756,0.542,0.043,0.04,0.04,0.046,0.046,0.05,0.067,0.084
S3_E6_03-23-2021_Right,7.5e-05,3.5e-05,0.0029166666666666,0.5526315789473684,0.444341754385965,E6,Falcon 48 Well Plate 1500 µL,3,30.000001741800094,33.267985504663464,295.3586497890295,41.8497146886162,355.47340350877204,3.545,3.649,0.55,0.162,0.232,0.309,0.856,0.602,0.046,0.042,0.041,0.046,0.045,0.048,0.063,0.087
S3_E7_03-23-2021_Right,7.5e-05,3.5e-05,0.0029166666666666,0.5894736842105263,0.4074996491228071,E7,Falcon 48 Well Plate 1500 µL,3,30.000001741800094,33.267985504663464,295.3586497890295,64.53131611597074,325.99971929824574,3.561,3.682,0.573,0.17,0.253,0.339,0.945,0.668,0.046,0.041,0.04,0.044,0.043,0.046,0.063,0.086
S3_E8_03-23-2021_Right,7.5e-05,3.5e-05,0.0029166666666666,0.6263157894736842,0.3706575438596492,E8,Falcon 48 Well Plate 1500 µL,3,30.000001741800094,33.267985504663464,295.3586497890295,86.60893903861,296.52603508771944,3.536,3.655,0.553,0.158,0.227,0.304,0.838,0.594,0.048,0.044,0.043,0.048,0.047,0.05,0.065,0.087
S3_F1_03-23-2021_Right,7.5e-05,3.5e-05,0.0029166666666666,0.6631578947368421,0.3338154385964913,F1,Falcon 48 Well Plate 1500 µL,3,30.000001741800094,33.267985504663464,295.3586497890295,108.07116416751006,267.0523508771931,3.542,3.653,0.556,0.16,0.235,0.316,0.877,0.626,0.045,0.041,0.041,0.045,0.044,0.047,0.063,0.082
S3_F2_03-23-2021_Right,7.5e-05,3.5e-05,0.0029166666666666,0.7,0.2969733333333334,F2,Falcon 48 Well Plate 1500 µL,3,30.000001741800094,33.267985504663464,295.3586497890295,128.9096579925168,237.57866666666675,3.542,3.659,0.567,0.158,0.235,0.32,0.889,0.636,0.044,0.04,0.039,0.043,0.043,0.045,0.062,0.078
S3_F3_03-23-2021_Right,7.5e-05,3.5e-05,0.0033333333333333,0.5894736842105263,0.4070829824561404,F3,Falcon 48 Well Plate 1500 µL,3,30.000001741800094,33.267985504663464,337.5527426160338,22.53682408736968,325.6663859649123,3.557,3.668,0.577,0.17,0.253,0.34,0.952,0.668,0.046,0.041,0.041,0.045,0.044,0.048,0.063,0.088
S3_F4_03-23-2021_Right,7.5e-05,3.5e-05,0.0033333333333333,0.6263157894736842,0.3702408771929825,F4,Falcon 48 Well Plate 1500 µL,3,30.000001741800094,33.267985504663464,337.5527426160338,44.61444701000894,296.192701754386,3.56,3.674,0.585,0.171,0.254,0.342,0.954,0.675,0.045,0.04,0.04,0.043,0.043,0.046,0.061,0.083
S3_F5_03-23-2021_Right,7.5e-05,3.5e-05,0.0033333333333333,0.6631578947368421,0.3333987719298246,F5,Falcon 48 Well Plate 1500 µL,3,30.000001741800094,33.267985504663464,337.5527426160338,66.076672138909,266.7190175438597,3.583,3.719,0.616,0.181,0.276,0.376,1.053,0.747,0.046,0.041,0.04,0.044,0.043,0.046,0.063,0.083
S3_F6_03-23-2021_Right,7.5e-05,3.5e-05,0.0033333333333333,0.7,0.2965566666666667,F6,Falcon 48 Well Plate 1500 µL,3,30.000001741800094,33.267985504663464,337.5527426160338,86.91516596391574,237.24533333333335,3.574,3.695,0.604,0.175,0.271,0.371,1.047,0.746,0.045,0.04,0.04,0.044,0.044,0.046,0.064,0.082
S3_F7_03-23-2021_Right,7.5e-05,3.5e-05,0.00375,0.6631578947368421,0.3329821052631579,F7,Falcon 48 Well Plate 1500 µL,3,30.000001741800094,33.267985504663464,379.746835443038,24.082180110308048,266.3856842105264,3.596,3.71,0.631,0.188,0.295,0.403,1.141,0.805,0.045,0.04,0.04,0.043,0.043,0.046,0.063,0.084
S3_F8_03-23-2021_Right,7.5e-05,3.5e-05,0.00375,0.7,0.29614,F8,Falcon 48 Well Plate 1500 µL,3,30.000001741800094,33.267985504663464,379.746835443038,44.9206739353148,236.9120000000001,3.593,3.698,0.635,0.189,0.303,0.419,1.192,0.845,0.044,0.039,0.039,0.044,0.044,0.046,0.064,0.082
S5_A1_03-23-2021_Right,0.0,0.0,0.0,0.111,0.889,A1,Falcon 48 Well Plate 1500 µL,5,0.0,0.0,0.0,87.17788539562923,711.2,3.348,3.498,0.288,0.062,0.04,0.037,0.036,0.036,0.037,0.037,0.038,0.045,0.044,0.051,0.061,0.121
S5_A2_03-23-2021_Right,0.0,0.0,0.0,0.147,0.853,A2,Falcon 48 Well Plate 1500 µL,5,0.0,0.0,0.0,114.86607701478816,682.4,3.35,3.498,0.283,0.062,0.04,0.037,0.036,0.037,0.037,0.036,0.037,0.044,0.043,0.048,0.059,0.116
S5_A3_03-23-2021_Right,0.0,0.0,0.0,0.184,0.816,A3,Falcon 48 Well Plate 1500 µL,5,0.0,0.0,0.0,142.9866254287322,652.8000000000001,3.349,3.509,0.279,0.062,0.04,0.038,0.038,0.037,0.037,0.036,0.036,0.041,0.04,0.045,0.057,0.108
S5_A4_03-23-2021_Right,0.0,0.0,0.0,0.221,0.779,A4,Falcon 48 Well Plate 1500 µL,5,0.0,0.0,0.0,170.74131058266136,623.2,3.35,3.513,0.288,0.063,0.041,0.038,0.037,0.038,0.039,0.039,0.038,0.044,0.042,0.046,0.058,0.105
S5_A5_03-23-2021_Right,0.0,0.0,0.0,0.258,0.742,A5,Falcon 48 Well Plate 1500 µL,5,0.0,0.0,0.0,198.10479867070768,593.6,3.356,3.518,0.309,0.065,0.042,0.041,0.039,0.039,0.039,0.038,0.038,0.043,0.042,0.046,0.059,0.103
S5_A6_03-23-2021_Right,0.0,0.0,0.0,0.295,0.705,A6,Falcon 48 Well Plate 1500 µL,5,0.0,0.0,0.0,225.051444269648,564.0,3.364,3.519,0.326,0.066,0.042,0.039,0.038,0.038,0.038,0.037,0.037,0.042,0.041,0.045,0.058,0.101
S5_A7_03-23-2021_Right,0.0,0.0,0.0,0.332,0.668,A7,Falcon 48 Well Plate 1500 µL,5,0.0,0.0,0.0,251.5556053366108,534.4000000000001,3.357,3.523,0.317,0.066,0.042,0.04,0.039,0.039,0.039,0.038,0.037,0.043,0.042,0.046,0.059,0.097
S5_A8_03-23-2021_Right,0.0,0.0,0.0,0.368,0.632,A8,Falcon 48 Well Plate 1500 µL,5,0.0,0.0,0.0,276.8946391895221,505.6,3.353,3.505,0.31,0.065,0.042,0.039,0.038,0.039,0.039,0.039,0.039,0.045,0.044,0.048,0.062,0.098
S5_B1_03-23-2021_Right,0.0,0.0,0.0,0.405,0.595,B1,Falcon 48 Well Plate 1500 µL,5,0.0,0.0,0.0,302.4521214773651,476.0,3.351,3.503,0.298,0.065,0.042,0.039,0.039,0.039,0.039,0.037,0.037,0.041,0.041,0.045,0.059,0.094
S5_B2_03-23-2021_Right,0.0,0.0,0.0,0.442,0.558,B2,Falcon 48 Well Plate 1500 µL,5,0.0,0.0,0.0,327.493989843896,446.4000000000001,3.34,3.469,0.286,0.07,0.05,0.048,0.048,0.05,0.051,0.051,0.051,0.055,0.054,0.057,0.072,0.102
S5_B3_03-23-2021_Right,0.0,0.0,0.0,0.479,0.521,B3,Falcon 48 Well Plate 1500 µL,5,0.0,0.0,0.0,351.9977274578703,416.80000000000007,3.428,3.534,0.41,0.175,0.149,0.142,0.138,0.136,0.135,0.136,0.135,0.14,0.137,0.14,0.156,0.187
S5_B4_03-23-2021_Right,0.0,0.0,0.0,0.516,0.484,B4,Falcon 48 Well Plate 1500 µL,5,0.0,0.0,0.0,375.94238734347766,387.2,3.458,3.572,0.448,0.203,0.169,0.157,0.148,0.143,0.144,0.145,0.146,0.147,0.145,0.144,0.163,0.189
S5_B5_03-23-2021_Right,0.0,0.0,0.0,0.553,0.447,B5,Falcon 48 Well Plate 1500 µL,5,0.0,0.0,0.0,399.3089073780474,357.6,3.327,3.455,0.287,0.065,0.044,0.041,0.04,0.041,0.041,0.04,0.04,0.045,0.044,0.047,0.064,0.091
S5_B6_03-23-2021_Right,0.0,0.0,0.0,0.589,0.411,B6,Falcon 48 Well Plate 1500 µL,5,0.0,0.0,0.0,421.4729321787027,328.79999999999995,3.345,3.504,0.291,0.066,0.043,0.042,0.04,0.04,0.039,0.038,0.037,0.042,0.041,0.044,0.061,0.085
S5_B7_03-23-2021_Right,0.0,0.0,0.0,0.626,0.374,B7,Falcon 48 Well Plate 1500 µL,5,0.0,0.0,0.0,443.6517343244005,299.20000000000005,3.35,3.51,0.282,0.065,0.043,0.04,0.04,0.04,0.039,0.038,0.038,0.044,0.043,0.046,0.063,0.084
S5_B8_03-23-2021_Right,0.0,0.0,0.0,0.663,0.337,B8,Falcon 48 Well Plate 1500 µL,5,0.0,0.0,0.0,465.2099407013967,269.6,3.352,3.513,0.295,0.066,0.043,0.04,0.038,0.039,0.039,0.038,0.037,0.041,0.041,0.044,0.061,0.082
S5_C1_03-23-2021_Right,0.0,0.0,0.0,0.7,0.3,C1,Falcon 48 Well Plate 1500 µL,5,0.0,0.0,0.0,486.1390894391876,240.0,3.351,3.5,0.299,0.066,0.043,0.042,0.042,0.042,0.04,0.038,0.037,0.041,0.041,0.044,0.062,0.081
