UID,dppc wtf,dspepeg200 wtf,pfh wtf,ethanol wtf,water wtf,Well,Labware,Slot,dppc-ethanol-stock uL,dspepeg2000-ethanol-stock uL,pfh-ethanol-stock uL,ethanol-stock uL,water-stock uL,200.0nm,250.0nm,300.0nm,350.0nm,400.0nm,450.0nm,500.0nm,550.0nm,600.0nm,650.0nm,700.0nm,750.0nm,800.0nm,850.0nm,900.0nm,950.0nm
S2_A1_03-23-2021_Right,0.0,0.0,0.0,0.111,0.889,A1,Falcon 48 Well Plate 1500 µL,2,0.0,0.0,0.0,87.17788539562923,711.2,3.349,3.471,0.282,0.063,0.04,0.038,0.038,0.037,0.037,0.035,0.036,0.042,0.041,0.048,0.059,0.121
S2_A2_03-23-2021_Right,0.0,0.0,0.0,0.147,0.853,A2,Falcon 48 Well Plate 1500 µL,2,0.0,0.0,0.0,114.86607701478816,682.4,3.353,3.492,0.281,0.063,0.041,0.038,0.037,0.038,0.038,0.038,0.038,0.046,0.045,0.051,0.064,0.12
S2_A3_03-23-2021_Right,0.0,0.0,0.0,0.184,0.816,A3,Falcon 48 Well Plate 1500 µL,2,0.0,0.0,0.0,142.9866254287322,652.8000000000001,3.354,3.498,0.277,0.064,0.041,0.039,0.039,0.038,0.038,0.037,0.037,0.043,0.042,0.047,0.059,0.111
S2_A4_03-23-2021_Right,0.0,0.0,0.0,0.221,0.779,A4,Falcon 48 Well Plate 1500 µL,2,0.0,0.0,0.0,170.74131058266136,623.2,3.363,3.51,0.287,0.069,0.048,0.045,0.046,0.048,0.049,0.047,0.047,0.053,0.051,0.056,0.067,0.118
S2_A5_03-23-2021_Right,0.0,0.0,0.0,0.258,0.742,A5,Falcon 48 Well Plate 1500 µL,2,0.0,0.0,0.0,198.10479867070768,593.6,3.418,3.536,0.391,0.147,0.122,0.118,0.116,0.116,0.115,0.114,0.114,0.12,0.118,0.122,0.135,0.182
S2_A6_03-23-2021_Right,0.0,0.0,0.0,0.295,0.705,A6,Falcon 48 Well Plate 1500 µL,2,0.0,0.0,0.0,225.051444269648,564.0,3.367,3.475,0.366,0.071,0.043,0.041,0.04,0.04,0.04,0.038,0.038,0.044,0.043,0.048,0.061,0.103
S2_A7_03-23-2021_Right,0.0,0.0,0.0,0.332,0.668,A7,Falcon 48 Well Plate 1500 µL,2,0.0,0.0,0.0,251.5556053366108,534.4000000000001,3.353,3.481,0.307,0.074,0.052,0.051,0.05,0.051,0.051,0.05,0.05,0.056,0.055,0.059,0.074,0.114
S2_A8_03-23-2021_Right,0.0,0.0,0.0,0.368,0.632,A8,Falcon 48 Well Plate 1500 µL,2,0.0,0.0,0.0,276.8946391895221,505.6,3.386,3.519,0.345,0.107,0.083,0.08,0.078,0.078,0.078,0.076,0.077,0.083,0.082,0.087,0.104,0.141
S2_B1_03-23-2021_Right,0.0,0.0,0.0,0.405,0.595,B1,Falcon 48 Well Plate 1500 µL,2,0.0,0.0,0.0,302.4521214773651,476.0,3.404,3.539,0.348,0.128,0.102,0.098,0.095,0.094,0.093,0.091,0.09,0.095,0.094,0.098,0.112,0.151
S2_B2_03-23-2021_Right,0.0,0.0,0.0,0.442,0.558,B2,Falcon 48 Well Plate 1500 µL,2,0.0,0.0,0.0,327.493989843896,446.4000000000001,3.336,3.464,0.273,0.065,0.043,0.041,0.039,0.04,0.041,0.041,0.041,0.046,0.044,0.047,0.063,0.095
S2_B3_03-23-2021_Right,0.0,0.0,0.0,0.479,0.521,B3,Falcon 48 Well Plate 1500 µL,2,0.0,0.0,0.0,351.9977274578703,416.80000000000007,3.34,3.466,0.281,0.066,0.044,0.042,0.043,0.043,0.044,0.042,0.042,0.048,0.047,0.051,0.067,0.098
S2_B4_03-23-2021_Right,0.0,0.0,0.0,0.516,0.484,B4,Falcon 48 Well Plate 1500 µL,2,0.0,0.0,0.0,375.94238734347766,387.2,3.333,3.453,0.28,0.066,0.044,0.041,0.04,0.04,0.04,0.039,0.039,0.044,0.044,0.048,0.065,0.092
S2_B5_03-23-2021_Right,0.0,0.0,0.0,0.553,0.447,B5,Falcon 48 Well Plate 1500 µL,2,0.0,0.0,0.0,399.3089073780474,357.6,3.463,3.546,0.437,0.196,0.163,0.155,0.149,0.147,0.145,0.144,0.142,0.146,0.145,0.149,0.163,0.194
S2_B6_03-23-2021_Right,0.0,0.0,0.0,0.589,0.411,B6,Falcon 48 Well Plate 1500 µL,2,0.0,0.0,0.0,421.4729321787027,328.79999999999995,3.353,3.509,0.285,0.066,0.044,0.043,0.041,0.041,0.04,0.039,0.038,0.043,0.042,0.045,0.063,0.086
S2_B7_03-23-2021_Right,0.0,0.0,0.0,0.626,0.374,B7,Falcon 48 Well Plate 1500 µL,2,0.0,0.0,0.0,443.6517343244005,299.20000000000005,3.354,3.511,0.278,0.065,0.043,0.042,0.041,0.04,0.04,0.04,0.04,0.045,0.044,0.047,0.064,0.085
S2_B8_03-23-2021_Right,0.0,0.0,0.0,0.663,0.337,B8,Falcon 48 Well Plate 1500 µL,2,0.0,0.0,0.0,465.2099407013967,269.6,3.349,3.491,0.282,0.066,0.043,0.041,0.039,0.04,0.04,0.039,0.039,0.043,0.042,0.045,0.063,0.085
S2_C1_03-23-2021_Right,0.0,0.0,0.0,0.7,0.3,C1,Falcon 48 Well Plate 1500 µL,2,0.0,0.0,0.0,486.1390894391876,240.0,3.351,3.496,0.3,0.067,0.043,0.042,0.042,0.041,0.04,0.038,0.038,0.043,0.043,0.046,0.066,0.085
