UID,dppc wtf,dspepeg200 wtf,pfh wtf,ethanol wtf,water wtf,Well,Labware,Slot,dppc-ethanol-stock uL,dspepeg2000-ethanol-stock uL,pfh-ethanol-stock uL,ethanol-stock uL,water-stock uL,200.0nm,250.0nm,300.0nm,350.0nm,400.0nm,450.0nm,500.0nm,550.0nm,600.0nm,650.0nm,700.0nm,750.0nm,800.0nm,850.0nm,900.0nm,950.0nm
S2_A1_03-23-2021_Right,0.0,0.0,0.0,0.111,0.889,A1,Falcon 48 Well Plate 1500 µL,2,0.0,0.0,0.0,87.17788539562923,711.2,3.35,3.474,0.281,0.063,0.04,0.038,0.038,0.038,0.037,0.035,0.035,0.042,0.042,0.048,0.059,0.12
S2_A2_03-23-2021_Right,0.0,0.0,0.0,0.147,0.853,A2,Falcon 48 Well Plate 1500 µL,2,0.0,0.0,0.0,114.86607701478816,682.4,3.353,3.493,0.28,0.063,0.041,0.038,0.037,0.038,0.038,0.037,0.038,0.045,0.045,0.051,0.063,0.119
S2_A3_03-23-2021_Right,0.0,0.0,0.0,0.184,0.816,A3,Falcon 48 Well Plate 1500 µL,2,0.0,0.0,0.0,142.9866254287322,652.8000000000001,3.35,3.5,0.279,0.064,0.042,0.04,0.039,0.039,0.039,0.037,0.037,0.043,0.042,0.047,0.059,0.11
S2_A4_03-23-2021_Right,0.0,0.0,0.0,0.221,0.779,A4,Falcon 48 Well Plate 1500 µL,2,0.0,0.0,0.0,170.74131058266136,623.2,3.357,3.504,0.282,0.064,0.042,0.039,0.039,0.041,0.042,0.04,0.04,0.045,0.043,0.048,0.059,0.108
S2_A5_03-23-2021_Right,0.0,0.0,0.0,0.258,0.742,A5,Falcon 48 Well Plate 1500 µL,2,0.0,0.0,0.0,198.10479867070768,593.6,3.361,3.514,0.306,0.066,0.043,0.042,0.041,0.042,0.042,0.041,0.041,0.047,0.046,0.05,0.063,0.107
S2_A6_03-23-2021_Right,0.0,0.0,0.0,0.295,0.705,A6,Falcon 48 Well Plate 1500 µL,2,0.0,0.0,0.0,225.051444269648,564.0,3.364,3.48,0.368,0.071,0.043,0.041,0.039,0.04,0.04,0.038,0.038,0.044,0.043,0.047,0.06,0.102
S2_A7_03-23-2021_Right,0.0,0.0,0.0,0.332,0.668,A7,Falcon 48 Well Plate 1500 µL,2,0.0,0.0,0.0,251.5556053366108,534.4000000000001,3.359,3.507,0.301,0.067,0.044,0.042,0.041,0.041,0.041,0.04,0.04,0.045,0.044,0.049,0.062,0.101
S2_A8_03-23-2021_Right,0.0,0.0,0.0,0.368,0.632,A8,Falcon 48 Well Plate 1500 µL,2,0.0,0.0,0.0,276.8946391895221,505.6,3.355,3.51,0.304,0.067,0.043,0.041,0.04,0.04,0.04,0.039,0.04,0.045,0.046,0.05,0.065,0.101
S2_B1_03-23-2021_Right,0.0,0.0,0.0,0.405,0.595,B1,Falcon 48 Well Plate 1500 µL,2,0.0,0.0,0.0,302.4521214773651,476.0,3.348,3.493,0.28,0.065,0.043,0.042,0.042,0.041,0.041,0.039,0.039,0.044,0.043,0.047,0.062,0.098
S2_B2_03-23-2021_Right,0.0,0.0,0.0,0.442,0.558,B2,Falcon 48 Well Plate 1500 µL,2,0.0,0.0,0.0,327.493989843896,446.4000000000001,3.349,3.495,0.276,0.066,0.044,0.042,0.04,0.041,0.042,0.041,0.041,0.046,0.044,0.047,0.062,0.092
S2_B3_03-23-2021_Right,0.0,0.0,0.0,0.479,0.521,B3,Falcon 48 Well Plate 1500 µL,2,0.0,0.0,0.0,351.9977274578703,416.80000000000007,3.351,3.493,0.28,0.065,0.043,0.041,0.041,0.042,0.042,0.041,0.041,0.046,0.045,0.048,0.063,0.092
S2_B4_03-23-2021_Right,0.0,0.0,0.0,0.516,0.484,B4,Falcon 48 Well Plate 1500 µL,2,0.0,0.0,0.0,375.94238734347766,387.2,3.341,3.455,0.281,0.066,0.044,0.041,0.04,0.04,0.04,0.039,0.039,0.044,0.044,0.047,0.063,0.09
S2_B5_03-23-2021_Right,0.0,0.0,0.0,0.553,0.447,B5,Falcon 48 Well Plate 1500 µL,2,0.0,0.0,0.0,399.3089073780474,357.6,3.349,3.482,0.286,0.066,0.044,0.041,0.041,0.041,0.041,0.041,0.04,0.046,0.045,0.048,0.064,0.09
S2_B6_03-23-2021_Right,0.0,0.0,0.0,0.589,0.411,B6,Falcon 48 Well Plate 1500 µL,2,0.0,0.0,0.0,421.4729321787027,328.79999999999995,3.355,3.515,0.286,0.066,0.044,0.043,0.041,0.041,0.04,0.039,0.038,0.043,0.042,0.045,0.061,0.085
S2_B7_03-23-2021_Right,0.0,0.0,0.0,0.626,0.374,B7,Falcon 48 Well Plate 1500 µL,2,0.0,0.0,0.0,443.6517343244005,299.20000000000005,3.357,3.516,0.278,0.065,0.043,0.042,0.04,0.04,0.04,0.04,0.04,0.045,0.044,0.046,0.062,0.084
S2_B8_03-23-2021_Right,0.0,0.0,0.0,0.663,0.337,B8,Falcon 48 Well Plate 1500 µL,2,0.0,0.0,0.0,465.2099407013967,269.6,3.358,3.516,0.282,0.065,0.043,0.04,0.039,0.039,0.039,0.038,0.038,0.042,0.041,0.044,0.061,0.082
S2_C1_03-23-2021_Right,0.0,0.0,0.0,0.7,0.3,C1,Falcon 48 Well Plate 1500 µL,2,0.0,0.0,0.0,486.1390894391876,240.0,3.354,3.507,0.3,0.067,0.043,0.043,0.043,0.042,0.041,0.039,0.038,0.042,0.042,0.045,0.062,0.08
