5CB concentration wtf,ethanol concentration wtf,water concentration wtf,5CB amount mass g,5CB amount volume uL,ethanol amount mass g,ethanol amount volume uL,water amount mass g,water amount volume uL,5CB-ethanol-stock amount volume uL,ethanol-stock amount volume uL,water-stock amount volume uL
0.0,0.1,0.9,0.0,0.0,0.1,126.69453946534907,0.9,900.0,0.0,126.7427122940431,900.0
0.00025,0.1,0.89975,0.00025,0.24752475247524752,0.1,126.69453946534907,0.89975,899.75,100.0,26.990237046518345,899.75
0.0,0.17777777777777778,0.8222222222222222,0.0,0.0,0.17777777777777778,225.2347368272872,0.8222222222222222,822.2222222222222,0.0,225.32037741163217,822.2222222222222
0.00025,0.17777777777777778,0.8219722222222222,0.00025,0.24752475247524752,0.17777777777777778,225.2347368272872,0.8219722222222222,821.9722222222222,100.0,125.56790216410741,821.9722222222222
0.0005,0.17777777777777778,0.8217222222222222,0.0005,0.49504950495049505,0.17777777777777778,225.2347368272872,0.8217222222222222,821.7222222222223,200.0,25.815426916582645,821.7222222222223
0.0,0.25555555555555554,0.7444444444444445,0.0,0.0,0.25555555555555554,323.7749341892253,0.7444444444444445,744.4444444444445,0.0,323.89804252922124,744.4444444444445
0.00025,0.25555555555555554,0.7441944444444445,0.00025,0.24752475247524752,0.25555555555555554,323.7749341892253,0.7441944444444445,744.1944444444445,100.0,224.14556728169646,744.1944444444445
0.0005,0.25555555555555554,0.7439444444444445,0.0005,0.49504950495049505,0.25555555555555554,323.7749341892253,0.7439444444444445,743.9444444444446,200.0,124.3930920341717,743.9444444444446
0.00075,0.25555555555555554,0.7436944444444444,0.00075,0.7425742574257426,0.25555555555555554,323.7749341892253,0.7436944444444444,743.6944444444445,300.0,24.640616786646973,743.6944444444445
0.0,0.33333333333333337,0.6666666666666666,0.0,0.0,0.33333333333333337,422.3151315511635,0.6666666666666666,666.6666666666666,0.0,422.47570764681035,666.6666666666666
0.00025,0.33333333333333337,0.6664166666666667,0.00025,0.24752475247524752,0.33333333333333337,422.3151315511635,0.6664166666666667,666.4166666666666,100.0,322.72323239928556,666.4166666666666
0.0005,0.33333333333333337,0.6661666666666666,0.0005,0.49504950495049505,0.33333333333333337,422.3151315511635,0.6661666666666666,666.1666666666666,200.0,222.97075715176084,666.1666666666666
0.00075,0.33333333333333337,0.6659166666666667,0.00075,0.7425742574257426,0.33333333333333337,422.3151315511635,0.6659166666666667,665.9166666666667,300.0,123.21828190423612,665.9166666666667
0.001,0.33333333333333337,0.6656666666666666,0.001,0.9900990099009901,0.33333333333333337,422.3151315511635,0.6656666666666666,665.6666666666666,400.0,23.46580665671133,665.6666666666666
0.0,0.4111111111111111,0.5888888888888889,0.0,0.0,0.4111111111111111,520.8553289131016,0.5888888888888889,588.8888888888889,0.0,521.0533727643993,588.8888888888889
0.00025,0.4111111111111111,0.5886388888888889,0.00025,0.24752475247524752,0.4111111111111111,520.8553289131016,0.5886388888888889,588.6388888888889,100.0,421.3008975168746,588.6388888888889
0.0005,0.4111111111111111,0.5883888888888889,0.0005,0.49504950495049505,0.4111111111111111,520.8553289131016,0.5883888888888889,588.3888888888888,200.0,321.5484222693498,588.3888888888888
0.00075,0.4111111111111111,0.588138888888889,0.00075,0.7425742574257426,0.4111111111111111,520.8553289131016,0.588138888888889,588.138888888889,300.0,221.7959470218251,588.138888888889
0.001,0.4111111111111111,0.5878888888888889,0.001,0.9900990099009901,0.4111111111111111,520.8553289131016,0.5878888888888889,587.8888888888889,400.0,122.0434717743003,587.8888888888889
0.0,0.48888888888888893,0.5111111111111111,0.0,0.0,0.48888888888888893,619.3955262750397,0.5111111111111111,511.1111111111111,0.0,619.6310378819885,511.1111111111111
0.00025,0.48888888888888893,0.5108611111111111,0.00025,0.24752475247524752,0.48888888888888893,619.3955262750397,0.5108611111111111,510.8611111111111,100.0,519.8785626344637,510.8611111111111
0.0005,0.48888888888888893,0.5106111111111111,0.0005,0.49504950495049505,0.48888888888888893,619.3955262750397,0.5106111111111111,510.61111111111114,200.0,420.12608738693893,510.61111111111114
0.00075,0.48888888888888893,0.510361111111111,0.00075,0.7425742574257426,0.48888888888888893,619.3955262750397,0.510361111111111,510.36111111111103,300.0,320.3736121394142,510.36111111111103
0.001,0.48888888888888893,0.5101111111111111,0.001,0.9900990099009901,0.48888888888888893,619.3955262750397,0.5101111111111111,510.1111111111111,400.0,220.62113689188945,510.1111111111111
0.0,0.5666666666666667,0.43333333333333335,0.0,0.0,0.5666666666666667,717.9357236369779,0.43333333333333335,433.33333333333337,0.0,718.2087029995776,433.33333333333337
0.00025,0.5666666666666667,0.4330833333333334,0.00025,0.24752475247524752,0.5666666666666667,717.9357236369779,0.4330833333333334,433.08333333333337,100.0,618.4562277520528,433.08333333333337
0.0005,0.5666666666666667,0.4328333333333334,0.0005,0.49504950495049505,0.5666666666666667,717.9357236369779,0.4328333333333334,432.8333333333334,200.0,518.703752504528,432.8333333333334
0.00075,0.5666666666666667,0.4325833333333333,0.00075,0.7425742574257426,0.5666666666666667,717.9357236369779,0.4325833333333333,432.5833333333333,300.0,418.95127725700326,432.5833333333333
0.001,0.5666666666666667,0.43233333333333335,0.001,0.9900990099009901,0.5666666666666667,717.9357236369779,0.43233333333333335,432.33333333333337,400.0,319.19880200947847,432.33333333333337
0.0,0.6444444444444445,0.3555555555555555,0.0,0.0,0.6444444444444445,816.4759209989161,0.3555555555555555,355.5555555555555,0.0,816.7863681171666,355.5555555555555
0.00025,0.6444444444444445,0.35530555555555554,0.00025,0.24752475247524752,0.6444444444444445,816.4759209989161,0.35530555555555554,355.30555555555554,100.0,717.0338928696419,355.30555555555554
0.0005,0.6444444444444445,0.35505555555555557,0.0005,0.49504950495049505,0.6444444444444445,816.4759209989161,0.35505555555555557,355.05555555555554,200.0,617.281417622117,355.05555555555554
0.00075,0.6444444444444445,0.3548055555555555,0.00075,0.7425742574257426,0.6444444444444445,816.4759209989161,0.3548055555555555,354.8055555555555,300.0,517.5289423745924,354.8055555555555
0.001,0.6444444444444445,0.3545555555555555,0.001,0.9900990099009901,0.6444444444444445,816.4759209989161,0.3545555555555555,354.5555555555555,400.0,417.77646712706763,354.5555555555555
0.0,0.7222222222222222,0.2777777777777778,0.0,0.0,0.7222222222222222,915.0161183608542,0.2777777777777778,277.77777777777777,0.0,915.3640332347555,277.77777777777777
0.00025,0.7222222222222222,0.2775277777777778,0.00025,0.24752475247524752,0.7222222222222222,915.0161183608542,0.2775277777777778,277.5277777777778,100.0,815.6115579872309,277.5277777777778
0.0005,0.7222222222222222,0.27727777777777785,0.0005,0.49504950495049505,0.7222222222222222,915.0161183608542,0.27727777777777785,277.2777777777778,200.0,715.859082739706,277.2777777777778
0.00075,0.7222222222222222,0.27702777777777776,0.00075,0.7425742574257426,0.7222222222222222,915.0161183608542,0.27702777777777776,277.02777777777777,300.0,616.1066074921813,277.02777777777777
0.001,0.7222222222222222,0.2767777777777778,0.001,0.9900990099009901,0.7222222222222222,915.0161183608542,0.2767777777777778,276.77777777777777,400.0,516.3541322446565,276.77777777777777
0.0,0.8,0.19999999999999996,0.0,0.0,0.8,1013.5563157227925,0.19999999999999996,199.99999999999994,0.0,1013.9416983523448,199.99999999999994
0.00025,0.8,0.19974999999999998,0.00025,0.24752475247524752,0.8,1013.5563157227925,0.19974999999999998,199.74999999999997,100.0,914.1892231048201,199.74999999999997
0.0005,0.8,0.1995,0.0005,0.49504950495049505,0.8,1013.5563157227925,0.1995,199.5,200.0,814.4367478572954,199.5
0.00075,0.8,0.19924999999999993,0.00075,0.7425742574257426,0.8,1013.5563157227925,0.19924999999999993,199.24999999999991,300.0,714.6842726097707,199.24999999999991
0.001,0.8,0.19899999999999995,0.001,0.9900990099009901,0.8,1013.5563157227925,0.19899999999999995,198.99999999999994,400.0,614.9317973622458,198.99999999999994
