UID,Labware,Slot,Well,5CB concentration wtf,SDS concentration wtf,ethanol concentration wtf,water concentration wtf,5CB amount mass g,5CB amount volume uL,SDS amount mass g,SDS amount volume uL,ethanol amount mass g,ethanol amount volume uL,water amount mass g,water amount volume uL,5CB-ethanol-stock amount volume uL,SDS-ethanol-stock amount volume uL,ethanol-stock amount volume uL,water-stock amount volume uL,Total Volume,300.0nm,310.0nm,320.0nm,330.0nm,340.0nm,350.0nm,360.0nm,370.0nm,380.0nm,390.0nm,400.0nm,410.0nm,420.0nm,430.0nm,440.0nm,450.0nm,460.0nm,470.0nm,480.0nm,490.0nm,500.0nm,510.0nm,520.0nm,530.0nm,540.0nm,550.0nm,560.0nm,570.0nm,580.0nm,590.0nm,600.0nm,610.0nm,620.0nm,630.0nm,640.0nm,650.0nm,660.0nm,670.0nm,680.0nm,690.0nm,700.0nm,710.0nm,720.0nm,730.0nm,740.0nm,750.0nm,760.0nm,770.0nm,780.0nm,790.0nm,800.0nm
S2_A1_06-04-2021,Falcon 48 Well Plate 1500 µL,2.0,A1,0.0,0.0,0.1,0.9,0.0,0.0,0.0,0.0,0.065,82.35145065247688,0.5850000000000001,585.0000000000001,0.0,0.0,164.55696202531644,585.0000000000001,749.5569620253166,0.287,0.178,0.138,0.107,0.076,0.064,0.056,0.051,0.046,0.043,0.041,0.041,0.041,0.04,0.04,0.04,0.039,0.039,0.038,0.038,0.038,0.038,0.037,0.037,0.038,0.038,0.038,0.038,0.038,0.038,0.038,0.038,0.038,0.038,0.038,0.038,0.038,0.038,0.038,0.038,0.039,0.041,0.043,0.045,0.048,0.049,0.049,0.049,0.049,0.049,0.048
S2_A2_06-04-2021,Falcon 48 Well Plate 1500 µL,2.0,A2,0.0,0.0,0.2,0.8,0.0,0.0,0.0,0.0,0.13,164.70290130495377,0.52,520.0,0.0,0.0,329.1139240506329,520.0,849.1139240506329,0.289,0.179,0.139,0.109,0.078,0.066,0.058,0.053,0.047,0.044,0.043,0.042,0.041,0.04,0.04,0.04,0.039,0.039,0.039,0.039,0.039,0.039,0.039,0.039,0.039,0.039,0.039,0.039,0.039,0.039,0.04,0.04,0.039,0.039,0.039,0.039,0.039,0.039,0.039,0.039,0.04,0.041,0.042,0.044,0.046,0.047,0.047,0.047,0.047,0.047,0.046
S2_A3_06-04-2021,Falcon 48 Well Plate 1500 µL,2.0,A3,0.0,0.0,0.3,0.7,0.0,0.0,0.0,0.0,0.195,247.05435195743067,0.4549999999999999,455.0,0.0,0.0,493.6708860759495,455.0,948.6708860759494,0.285,0.177,0.138,0.107,0.077,0.066,0.058,0.053,0.047,0.044,0.043,0.042,0.041,0.041,0.041,0.041,0.041,0.04,0.04,0.04,0.04,0.04,0.04,0.04,0.04,0.04,0.04,0.04,0.04,0.04,0.04,0.039,0.039,0.039,0.038,0.038,0.038,0.038,0.038,0.038,0.038,0.039,0.04,0.041,0.043,0.043,0.044,0.044,0.043,0.043,0.043
S2_A4_06-04-2021,Falcon 48 Well Plate 1500 µL,2.0,A4,0.0,0.0,0.4,0.6,0.0,0.0,0.0,0.0,0.26,329.40580260990754,0.39,390.0,0.0,0.0,658.2278481012657,390.0,1048.227848101266,0.287,0.179,0.139,0.108,0.077,0.065,0.058,0.052,0.048,0.044,0.043,0.042,0.041,0.041,0.04,0.039,0.039,0.039,0.039,0.039,0.039,0.039,0.04,0.04,0.04,0.041,0.041,0.041,0.041,0.041,0.041,0.041,0.04,0.04,0.04,0.039,0.039,0.039,0.038,0.038,0.038,0.038,0.038,0.038,0.038,0.038,0.038,0.038,0.037,0.037,0.037
S2_A5_06-04-2021,Falcon 48 Well Plate 1500 µL,2.0,A5,0.0,0.0,0.5,0.5,0.0,0.0,0.0,0.0,0.325,411.7572532623844,0.325,325.0,0.0,0.0,822.7848101265822,325.0,1147.7848101265822,0.312,0.193,0.149,0.115,0.08,0.068,0.06,0.054,0.049,0.045,0.044,0.043,0.043,0.043,0.043,0.043,0.042,0.042,0.042,0.041,0.041,0.041,0.041,0.041,0.041,0.041,0.041,0.041,0.041,0.041,0.041,0.041,0.04,0.04,0.04,0.039,0.039,0.039,0.039,0.039,0.039,0.04,0.041,0.042,0.044,0.043,0.044,0.043,0.043,0.043,0.043
S2_A6_06-04-2021,Falcon 48 Well Plate 1500 µL,2.0,A6,0.0,0.0,0.6,0.4,0.0,0.0,0.0,0.0,0.39,494.1087039148613,0.26,260.0,0.0,0.0,987.3417721518988,260.0,1247.3417721518988,0.347,0.216,0.167,0.127,0.086,0.071,0.062,0.055,0.049,0.046,0.044,0.043,0.042,0.042,0.041,0.041,0.041,0.04,0.04,0.04,0.04,0.04,0.04,0.04,0.04,0.04,0.04,0.04,0.04,0.04,0.04,0.04,0.039,0.039,0.039,0.038,0.038,0.038,0.038,0.038,0.038,0.038,0.039,0.04,0.042,0.042,0.042,0.042,0.042,0.042,0.042
S2_A7_06-04-2021,Falcon 48 Well Plate 1500 µL,2.0,A7,0.0,0.0,0.7000000000000001,0.2999999999999999,0.0,0.0,0.0,0.0,0.455,576.4601545673382,0.1949999999999999,194.99999999999997,0.0,0.0,1151.8987341772154,194.99999999999997,1346.8987341772154,0.313,0.194,0.15,0.116,0.081,0.069,0.061,0.055,0.05,0.046,0.044,0.044,0.044,0.044,0.043,0.043,0.043,0.043,0.042,0.042,0.042,0.042,0.042,0.042,0.042,0.042,0.042,0.042,0.042,0.042,0.041,0.041,0.041,0.041,0.04,0.04,0.04,0.04,0.04,0.04,0.04,0.041,0.041,0.042,0.044,0.043,0.043,0.043,0.043,0.043,0.043
S2_A8_06-04-2021,Falcon 48 Well Plate 1500 µL,2.0,A8,0.0,0.0,0.8,0.1999999999999999,0.0,0.0,0.0,0.0,0.52,658.8116052198151,0.1299999999999999,129.99999999999997,0.0,0.0,1316.4556962025315,129.99999999999997,1446.4556962025315,0.315,0.195,0.15,0.116,0.081,0.068,0.061,0.055,0.049,0.045,0.044,0.043,0.042,0.041,0.041,0.04,0.04,0.04,0.04,0.039,0.039,0.039,0.04,0.04,0.04,0.04,0.04,0.04,0.04,0.04,0.04,0.04,0.04,0.04,0.04,0.039,0.039,0.039,0.039,0.04,0.04,0.041,0.042,0.043,0.045,0.044,0.044,0.044,0.044,0.044,0.045
S2_B1_06-04-2021,Falcon 48 Well Plate 1500 µL,2.0,B1,0.00025,0.0,0.1,0.89975,0.0001625,0.1608910891089109,0.0,0.0,0.065,82.35145065247688,0.5848375,584.8375,65.0,0.0,99.71785311442537,584.8375,749.5553531144253,2.969,2.883,2.832,2.6,2.444,2.349,2.273,2.211,2.155,2.106,2.066,2.029,1.994,1.963,1.932,1.902,1.873,1.844,1.814,1.785,1.755,1.724,1.694,1.663,1.631,1.6,1.566,1.532,1.498,1.463,1.428,1.393,1.356,1.321,1.287,1.253,1.22,1.187,1.154,1.123,1.091,1.061,1.033,1.006,0.98,0.954,0.927,0.902,0.876,0.852,0.828
S2_B2_06-04-2021,Falcon 48 Well Plate 1500 µL,2.0,B2,0.00025,0.0,0.2,0.79975,0.0001625,0.1608910891089109,0.0,0.0,0.13,164.70290130495377,0.5198375,519.8375,65.0,0.0,264.2748151397418,519.8375,849.1123151397418,0.865,0.661,0.569,0.528,0.501,0.492,0.487,0.482,0.478,0.474,0.472,0.47,0.468,0.465,0.463,0.461,0.458,0.455,0.451,0.448,0.446,0.442,0.439,0.436,0.433,0.43,0.427,0.423,0.421,0.418,0.414,0.411,0.407,0.404,0.4,0.396,0.392,0.389,0.385,0.382,0.377,0.375,0.371,0.367,0.364,0.359,0.355,0.351,0.347,0.343,0.339
S2_B3_06-04-2021,Falcon 48 Well Plate 1500 µL,2.0,B3,0.00025,0.0,0.3,0.69975,0.0001625,0.1608910891089109,0.0,0.0,0.195,247.05435195743067,0.4548375,454.8375,65.0,0.0,428.8317771650584,454.8375,948.6692771650584,2.483,1.751,0.736,0.57,0.532,0.519,0.51,0.502,0.495,0.488,0.483,0.478,0.473,0.468,0.462,0.456,0.45,0.444,0.437,0.431,0.424,0.418,0.411,0.405,0.399,0.392,0.386,0.38,0.373,0.367,0.36,0.354,0.348,0.341,0.335,0.329,0.323,0.318,0.312,0.307,0.302,0.297,0.293,0.289,0.286,0.281,0.277,0.272,0.267,0.263,0.258
S2_B4_06-04-2021,Falcon 48 Well Plate 1500 µL,2.0,B4,0.00025,0.0,0.4,0.59975,0.0001625,0.1608910891089109,0.0,0.0,0.26,329.40580260990754,0.3898375,389.8375,65.0,0.0,593.3887391903747,389.8375,1048.2262391903746,2.314,1.987,0.371,0.117,0.079,0.067,0.059,0.054,0.049,0.045,0.044,0.043,0.042,0.042,0.041,0.041,0.041,0.04,0.04,0.04,0.04,0.04,0.04,0.04,0.04,0.04,0.04,0.04,0.041,0.04,0.04,0.04,0.04,0.04,0.04,0.039,0.039,0.039,0.039,0.039,0.039,0.04,0.041,0.042,0.044,0.044,0.044,0.044,0.044,0.044,0.044
S2_B5_06-04-2021,Falcon 48 Well Plate 1500 µL,2.0,B5,0.00025,0.0,0.5,0.49975,0.0001625,0.1608910891089109,0.0,0.0,0.325,411.7572532623844,0.3248375,324.8375,65.0,0.0,757.9457012156912,324.8375,1147.7832012156912,2.357,1.666,0.304,0.121,0.084,0.072,0.064,0.059,0.053,0.05,0.049,0.048,0.047,0.047,0.046,0.046,0.046,0.045,0.045,0.045,0.045,0.044,0.044,0.044,0.045,0.045,0.045,0.045,0.045,0.045,0.045,0.044,0.045,0.044,0.044,0.044,0.044,0.043,0.043,0.044,0.044,0.043,0.045,0.047,0.049,0.048,0.048,0.048,0.048,0.048,0.048
S2_B6_06-04-2021,Falcon 48 Well Plate 1500 µL,2.0,B6,0.00025,0.0,0.6,0.39975,0.0001625,0.1608910891089109,0.0,0.0,0.39,494.1087039148613,0.2598375,259.83750000000003,65.0,0.0,922.5026632410076,259.83750000000003,1247.3401632410078,2.453,1.53,0.274,0.115,0.08,0.068,0.06,0.054,0.049,0.046,0.044,0.043,0.043,0.043,0.042,0.042,0.041,0.041,0.04,0.04,0.04,0.04,0.04,0.04,0.04,0.04,0.04,0.04,0.04,0.04,0.039,0.039,0.039,0.039,0.038,0.038,0.038,0.038,0.038,0.038,0.038,0.038,0.039,0.04,0.042,0.042,0.042,0.042,0.041,0.041,0.042
S2_B7_06-04-2021,Falcon 48 Well Plate 1500 µL,2.0,B7,0.00025,0.0,0.7000000000000001,0.2997499999999999,0.0001625,0.1608910891089109,0.0,0.0,0.455,576.4601545673382,0.1948374999999999,194.8375,65.0,0.0,1087.0596252663242,194.8375,1346.897125266324,2.268,0.908,0.215,0.122,0.09,0.078,0.071,0.066,0.06,0.056,0.055,0.053,0.052,0.052,0.052,0.052,0.052,0.052,0.051,0.051,0.05,0.05,0.049,0.049,0.049,0.049,0.049,0.049,0.049,0.049,0.049,0.049,0.049,0.049,0.049,0.049,0.049,0.049,0.049,0.049,0.049,0.05,0.05,0.051,0.051,0.051,0.051,0.051,0.05,0.05,0.05
S2_B8_06-04-2021,Falcon 48 Well Plate 1500 µL,2.0,B8,0.00025,0.0,0.8,0.1997499999999999,0.0001625,0.1608910891089109,0.0,0.0,0.52,658.8116052198151,0.1298375,129.8375,65.0,0.0,1251.6165872916406,129.8375,1446.4540872916407,2.457,1.456,0.251,0.112,0.078,0.066,0.059,0.053,0.048,0.045,0.043,0.043,0.042,0.041,0.041,0.04,0.04,0.04,0.039,0.039,0.039,0.039,0.039,0.04,0.039,0.04,0.04,0.04,0.04,0.04,0.039,0.039,0.039,0.039,0.039,0.038,0.038,0.038,0.038,0.038,0.038,0.038,0.038,0.039,0.041,0.041,0.041,0.041,0.04,0.04,0.041
S2_C1_06-04-2021,Falcon 48 Well Plate 1500 µL,2.0,C1,0.0005,0.0,0.1,0.8995,0.000325,0.3217821782178218,0.0,0.0,0.065,82.35145065247688,0.584675,584.675,130.0,0.0,34.87874420353426,584.675,749.5537442035343,3.266,3.172,3.127,3.009,2.833,2.735,2.663,2.605,2.55,2.505,2.47,2.439,2.411,2.385,2.362,2.34,2.318,2.297,2.276,2.256,2.238,2.22,2.202,2.185,2.168,2.153,2.136,2.12,2.104,2.087,2.072,2.053,2.037,2.018,2.001,1.983,1.965,1.946,1.926,1.906,1.885,1.865,1.843,1.822,1.801,1.776,1.751,1.726,1.699,1.672,1.643
S2_C2_06-04-2021,Falcon 48 Well Plate 1500 µL,2.0,C2,0.0005,0.0,0.2,0.7995,0.000325,0.3217821782178218,0.0,0.0,0.13,164.70290130495377,0.519675,519.675,130.0,0.0,199.4357062288507,519.675,849.1107062288506,1.011,0.746,0.622,0.569,0.533,0.522,0.518,0.514,0.509,0.506,0.504,0.502,0.5,0.498,0.495,0.492,0.489,0.486,0.484,0.482,0.479,0.476,0.473,0.472,0.469,0.467,0.466,0.463,0.46,0.457,0.454,0.451,0.448,0.444,0.441,0.438,0.435,0.432,0.428,0.425,0.422,0.423,0.416,0.413,0.41,0.407,0.404,0.401,0.398,0.395,0.39
S2_C3_06-04-2021,Falcon 48 Well Plate 1500 µL,2.0,C3,0.0005,0.0,0.3,0.6995,0.000325,0.3217821782178218,0.0,0.0,0.195,247.05435195743067,0.454675,454.675,130.0,0.0,363.99266825416726,454.675,948.6676682541672,2.672,2.108,0.87,0.632,0.588,0.58,0.576,0.573,0.57,0.57,0.571,0.573,0.576,0.578,0.58,0.582,0.584,0.586,0.588,0.589,0.592,0.593,0.594,0.595,0.597,0.597,0.598,0.599,0.599,0.598,0.598,0.597,0.596,0.595,0.594,0.592,0.591,0.589,0.587,0.586,0.584,0.581,0.582,0.58,0.58,0.578,0.575,0.572,0.569,0.566,0.563
S2_C4_06-04-2021,Falcon 48 Well Plate 1500 µL,2.0,C4,0.0005,0.0,0.4,0.5994999999999999,0.000325,0.3217821782178218,0.0,0.0,0.26,329.40580260990754,0.3896749999999999,389.675,130.0,0.0,528.5496302794836,389.675,1048.2246302794836,2.49,2.339,0.507,0.129,0.081,0.068,0.06,0.055,0.05,0.046,0.044,0.044,0.044,0.044,0.043,0.043,0.043,0.042,0.042,0.041,0.041,0.041,0.041,0.041,0.041,0.041,0.041,0.041,0.041,0.041,0.041,0.04,0.04,0.04,0.04,0.039,0.039,0.039,0.039,0.039,0.039,0.04,0.04,0.042,0.044,0.044,0.044,0.044,0.043,0.043,0.043
S2_C5_06-04-2021,Falcon 48 Well Plate 1500 µL,2.0,C5,0.0005,0.0,0.5,0.4995,0.000325,0.3217821782178218,0.0,0.0,0.325,411.7572532623844,0.324675,324.67500000000007,130.0,0.0,693.1065923048001,324.67500000000007,1147.7815923048,2.45,2.241,0.426,0.121,0.08,0.067,0.059,0.054,0.049,0.045,0.044,0.043,0.042,0.041,0.041,0.041,0.04,0.041,0.041,0.041,0.041,0.041,0.041,0.041,0.041,0.04,0.04,0.04,0.04,0.04,0.039,0.039,0.039,0.039,0.038,0.038,0.038,0.038,0.038,0.039,0.039,0.04,0.041,0.042,0.044,0.044,0.044,0.044,0.044,0.044,0.044
S2_C6_06-04-2021,Falcon 48 Well Plate 1500 µL,2.0,C6,0.0005,0.0,0.6,0.3995000000000001,0.000325,0.3217821782178218,0.0,0.0,0.39,494.1087039148613,0.259675,259.67500000000007,130.0,0.0,857.6635543301165,259.67500000000007,1247.3385543301165,2.444,2.219,0.397,0.115,0.078,0.066,0.058,0.053,0.048,0.045,0.043,0.042,0.042,0.041,0.041,0.04,0.04,0.04,0.039,0.039,0.039,0.039,0.039,0.039,0.039,0.039,0.039,0.04,0.04,0.039,0.039,0.039,0.039,0.039,0.038,0.038,0.038,0.038,0.038,0.038,0.038,0.038,0.039,0.04,0.042,0.042,0.042,0.042,0.041,0.041,0.041
S2_C7_06-04-2021,Falcon 48 Well Plate 1500 µL,2.0,C7,0.0005,0.0,0.7000000000000001,0.2995,0.000325,0.3217821782178218,0.0,0.0,0.455,576.4601545673382,0.194675,194.675,130.0,0.0,1022.2205163554332,194.675,1346.895516355433,2.457,2.128,0.357,0.115,0.078,0.066,0.059,0.053,0.048,0.045,0.044,0.043,0.044,0.044,0.043,0.044,0.044,0.044,0.043,0.043,0.043,0.042,0.042,0.042,0.041,0.041,0.041,0.041,0.041,0.04,0.04,0.04,0.039,0.039,0.039,0.038,0.038,0.038,0.038,0.038,0.038,0.038,0.039,0.04,0.042,0.042,0.042,0.042,0.042,0.042,0.042
S2_C8_06-04-2021,Falcon 48 Well Plate 1500 µL,2.0,C8,0.0005,0.0,0.8,0.1995,0.000325,0.3217821782178218,0.0,0.0,0.52,658.8116052198151,0.129675,129.675,130.0,0.0,1186.7774783807497,129.675,1446.4524783807494,2.367,2.049,0.34,0.114,0.078,0.066,0.059,0.054,0.049,0.046,0.044,0.044,0.044,0.044,0.043,0.043,0.043,0.042,0.042,0.041,0.041,0.041,0.041,0.041,0.041,0.04,0.04,0.04,0.04,0.04,0.04,0.04,0.039,0.039,0.039,0.038,0.038,0.038,0.038,0.038,0.038,0.038,0.039,0.04,0.042,0.041,0.041,0.041,0.041,0.041,0.041
S2_D1_06-04-2021,Falcon 48 Well Plate 1500 µL,2.0,D1,0.00075,0.0,0.2,0.79925,0.0004875,0.4826732673267327,0.0,0.0,0.13,164.70290130495377,0.5195125,519.5125,195.0,0.0,134.5965973179596,519.5125,849.1090973179596,1.591,1.324,1.184,1.101,1.065,1.054,1.048,1.044,1.039,1.034,1.031,1.029,1.028,1.025,1.022,1.019,1.016,1.012,1.008,1.005,1.001,0.996,0.992,0.989,0.985,0.98,0.975,0.97,0.964,0.958,0.952,0.945,0.936,0.929,0.922,0.914,0.907,0.9,0.893,0.887,0.882,0.877,0.87,0.865,0.86,0.854,0.849,0.843,0.837,0.831,0.825
S2_D2_06-04-2021,Falcon 48 Well Plate 1500 µL,2.0,D2,0.00075,0.0,0.3,0.6992499999999999,0.0004875,0.4826732673267327,0.0,0.0,0.195,247.05435195743067,0.4545125,454.5125,195.0,0.0,299.15355934327613,454.5125,948.6660593432762,2.682,2.159,0.919,0.671,0.62,0.606,0.6,0.597,0.596,0.597,0.6,0.602,0.605,0.606,0.608,0.609,0.611,0.613,0.615,0.617,0.619,0.621,0.623,0.625,0.628,0.63,0.631,0.634,0.635,0.637,0.638,0.639,0.64,0.641,0.642,0.642,0.643,0.643,0.643,0.643,0.643,0.645,0.645,0.646,0.647,0.647,0.646,0.645,0.644,0.643,0.642
S2_D3_06-04-2021,Falcon 48 Well Plate 1500 µL,2.0,D3,0.00075,0.0,0.4,0.5992500000000001,0.0004875,0.4826732673267327,0.0,0.0,0.26,329.40580260990754,0.3895125,389.5125000000001,195.0,0.0,463.7105213685925,389.5125000000001,1048.2230213685923,2.49,2.381,0.657,0.135,0.082,0.069,0.06,0.054,0.049,0.045,0.044,0.043,0.042,0.042,0.042,0.041,0.041,0.041,0.04,0.04,0.04,0.039,0.039,0.04,0.04,0.04,0.04,0.04,0.041,0.041,0.041,0.041,0.041,0.041,0.04,0.04,0.04,0.04,0.04,0.04,0.04,0.041,0.042,0.043,0.045,0.045,0.045,0.044,0.044,0.044,0.043
S2_D4_06-04-2021,Falcon 48 Well Plate 1500 µL,2.0,D4,0.00075,0.0,0.5,0.4992499999999999,0.0004875,0.4826732673267327,0.0,0.0,0.325,411.7572532623844,0.3245125,324.5125,195.0,0.0,628.267483393909,324.5125,1147.7799833939089,2.46,2.344,0.556,0.129,0.081,0.067,0.059,0.054,0.049,0.045,0.044,0.043,0.042,0.041,0.041,0.04,0.04,0.04,0.04,0.039,0.04,0.039,0.039,0.04,0.04,0.04,0.04,0.04,0.04,0.04,0.039,0.039,0.039,0.039,0.038,0.038,0.038,0.038,0.038,0.038,0.038,0.038,0.039,0.04,0.042,0.042,0.043,0.043,0.042,0.042,0.042
S2_D5_06-04-2021,Falcon 48 Well Plate 1500 µL,2.0,D5,0.00075,0.0,0.6,0.39925,0.0004875,0.4826732673267327,0.0,0.0,0.39,494.1087039148613,0.2595125,259.5125,195.0,0.0,792.8244454192255,259.5125,1247.3369454192257,2.486,2.355,0.541,0.138,0.087,0.072,0.063,0.056,0.05,0.046,0.045,0.044,0.043,0.043,0.042,0.042,0.041,0.041,0.041,0.04,0.041,0.04,0.041,0.041,0.041,0.041,0.041,0.041,0.041,0.041,0.041,0.041,0.04,0.04,0.04,0.039,0.039,0.039,0.039,0.039,0.039,0.039,0.04,0.041,0.043,0.043,0.043,0.043,0.042,0.042,0.042
S2_D6_06-04-2021,Falcon 48 Well Plate 1500 µL,2.0,D6,0.00075,0.0,0.7000000000000001,0.2992499999999999,0.0004875,0.4826732673267327,0.0,0.0,0.455,576.4601545673382,0.1945124999999999,194.5125,195.0,0.0,957.381407444542,194.5125,1346.893907444542,2.485,2.34,0.467,0.128,0.083,0.069,0.061,0.054,0.049,0.045,0.044,0.043,0.042,0.042,0.041,0.041,0.04,0.04,0.04,0.04,0.04,0.039,0.04,0.04,0.04,0.04,0.04,0.04,0.04,0.04,0.039,0.039,0.039,0.039,0.039,0.038,0.038,0.038,0.038,0.038,0.038,0.038,0.039,0.04,0.042,0.041,0.042,0.042,0.041,0.041,0.041
S2_D7_06-04-2021,Falcon 48 Well Plate 1500 µL,2.0,D7,0.00075,0.0,0.8,0.1992499999999999,0.0004875,0.4826732673267327,0.0,0.0,0.52,658.8116052198151,0.1295124999999999,129.51249999999996,195.0,0.0,1121.9383694698583,129.51249999999996,1446.4508694698584,2.472,2.322,0.433,0.12,0.08,0.067,0.059,0.053,0.048,0.045,0.043,0.043,0.043,0.042,0.042,0.042,0.042,0.042,0.042,0.042,0.042,0.042,0.042,0.042,0.042,0.042,0.042,0.042,0.043,0.042,0.042,0.042,0.042,0.042,0.041,0.041,0.041,0.041,0.041,0.041,0.041,0.042,0.043,0.043,0.045,0.044,0.044,0.044,0.044,0.044,0.044
S2_D8_06-04-2021,Falcon 48 Well Plate 1500 µL,2.0,D8,0.001,0.0,0.2,0.7989999999999999,0.00065,0.6435643564356436,0.0,0.0,0.13,164.70290130495377,0.51935,519.35,260.0,0.0,69.75748840706852,519.35,849.1074884070686,2.989,2.838,2.709,2.394,2.255,2.193,2.146,2.109,2.075,2.046,2.025,2.005,1.987,1.972,1.956,1.942,1.928,1.915,1.903,1.891,1.88,1.869,1.859,1.85,1.841,1.832,1.823,1.815,1.808,1.799,1.792,1.784,1.777,1.769,1.762,1.754,1.747,1.74,1.733,1.726,1.72,1.714,1.708,1.703,1.698,1.692,1.685,1.678,1.671,1.664,1.656
S2_E1_06-04-2021,Falcon 48 Well Plate 1500 µL,2.0,E1,0.001,0.0,0.3,0.699,0.00065,0.6435643564356436,0.0,0.0,0.195,247.05435195743067,0.45435,454.35,260.0,0.0,234.3144504323851,454.35,948.6644504323853,1.756,0.902,0.479,0.381,0.342,0.33,0.325,0.321,0.318,0.317,0.318,0.32,0.322,0.324,0.326,0.327,0.329,0.33,0.332,0.335,0.336,0.338,0.34,0.343,0.343,0.345,0.347,0.349,0.351,0.351,0.353,0.354,0.355,0.356,0.358,0.358,0.358,0.359,0.359,0.36,0.36,0.366,0.361,0.361,0.362,0.362,0.363,0.363,0.364,0.363,0.362
S2_E2_06-04-2021,Falcon 48 Well Plate 1500 µL,2.0,E2,0.001,0.0,0.4,0.599,0.00065,0.6435643564356436,0.0,0.0,0.26,329.40580260990754,0.38935,389.35,260.0,0.0,398.8714124577014,389.35,1048.2214124577013,2.505,2.398,0.971,0.314,0.238,0.208,0.187,0.171,0.157,0.146,0.138,0.13,0.124,0.119,0.114,0.11,0.106,0.102,0.099,0.096,0.093,0.09,0.088,0.086,0.084,0.082,0.081,0.08,0.078,0.077,0.075,0.074,0.073,0.072,0.07,0.069,0.068,0.067,0.066,0.066,0.065,0.064,0.065,0.066,0.067,0.067,0.066,0.066,0.065,0.064,0.064
S2_E3_06-04-2021,Falcon 48 Well Plate 1500 µL,2.0,E3,0.001,0.0,0.5,0.499,0.00065,0.6435643564356436,0.0,0.0,0.325,411.7572532623844,0.32435,324.35,260.0,0.0,563.4283744830178,324.35,1147.7783744830178,2.441,2.344,0.683,0.128,0.079,0.066,0.059,0.053,0.048,0.045,0.043,0.042,0.042,0.041,0.041,0.04,0.04,0.04,0.04,0.04,0.04,0.039,0.04,0.04,0.04,0.04,0.04,0.04,0.04,0.04,0.039,0.039,0.039,0.039,0.038,0.038,0.038,0.038,0.038,0.038,0.038,0.038,0.039,0.041,0.043,0.042,0.043,0.043,0.042,0.042,0.042
S2_E4_06-04-2021,Falcon 48 Well Plate 1500 µL,2.0,E4,0.001,0.0,0.6,0.399,0.00065,0.6435643564356436,0.0,0.0,0.39,494.1087039148613,0.25935,259.35,260.0,0.0,727.9853365083344,259.35,1247.3353365083344,2.36,2.245,0.62,0.126,0.079,0.067,0.059,0.053,0.048,0.045,0.044,0.043,0.043,0.043,0.042,0.043,0.043,0.043,0.042,0.042,0.043,0.043,0.043,0.043,0.043,0.043,0.043,0.043,0.043,0.043,0.043,0.043,0.043,0.043,0.043,0.042,0.042,0.042,0.042,0.042,0.042,0.044,0.045,0.046,0.048,0.047,0.047,0.047,0.047,0.046,0.046
S2_E5_06-04-2021,Falcon 48 Well Plate 1500 µL,2.0,E5,0.001,0.0,0.7000000000000001,0.2989999999999999,0.00065,0.6435643564356436,0.0,0.0,0.455,576.4601545673382,0.1943499999999999,194.35,260.0,0.0,892.542298533651,194.35,1346.8922985336508,2.391,2.283,0.559,0.125,0.08,0.067,0.059,0.054,0.049,0.046,0.044,0.044,0.044,0.043,0.042,0.041,0.041,0.04,0.04,0.039,0.039,0.039,0.039,0.04,0.04,0.04,0.04,0.04,0.04,0.04,0.04,0.04,0.039,0.039,0.039,0.038,0.038,0.038,0.038,0.038,0.038,0.038,0.039,0.04,0.042,0.041,0.041,0.041,0.041,0.041,0.041
S2_E6_06-04-2021,Falcon 48 Well Plate 1500 µL,2.0,E6,0.001,0.0,0.8,0.1989999999999999,0.00065,0.6435643564356436,0.0,0.0,0.52,658.8116052198151,0.1293499999999999,129.34999999999997,260.0,0.0,1057.0992605589672,129.34999999999997,1446.4492605589671,2.486,2.372,0.528,0.124,0.081,0.068,0.06,0.054,0.049,0.045,0.044,0.043,0.042,0.042,0.041,0.041,0.041,0.041,0.04,0.04,0.04,0.04,0.039,0.04,0.04,0.04,0.04,0.04,0.04,0.04,0.04,0.04,0.04,0.04,0.04,0.04,0.04,0.039,0.04,0.039,0.04,0.041,0.041,0.042,0.044,0.043,0.043,0.043,0.042,0.042,0.042
S2_E7_06-04-2021,Falcon 48 Well Plate 1500 µL,2.0,E7,0.0,0.00025,0.1,0.89975,0.0,0.0,0.0001625,0.1608910891089109,0.065,82.35145065247688,0.5848375,584.8375,0.0,92.85714285714286,71.86071025728249,584.8375,749.5553531144253,0.293,0.182,0.142,0.11,0.079,0.067,0.059,0.053,0.048,0.044,0.043,0.042,0.042,0.041,0.041,0.041,0.04,0.04,0.04,0.039,0.039,0.039,0.039,0.039,0.039,0.039,0.04,0.04,0.04,0.04,0.04,0.04,0.04,0.04,0.04,0.04,0.04,0.04,0.04,0.04,0.04,0.041,0.042,0.044,0.046,0.046,0.046,0.046,0.046,0.045,0.044
S2_E8_06-04-2021,Falcon 48 Well Plate 1500 µL,2.0,E8,0.0,0.00025,0.2,0.79975,0.0,0.0,0.0001625,0.1608910891089109,0.13,164.70290130495377,0.5198375,519.8375,0.0,92.85714285714286,236.41767228259891,519.8375,849.1123151397418,0.303,0.188,0.146,0.113,0.08,0.068,0.06,0.054,0.048,0.045,0.044,0.043,0.042,0.041,0.041,0.04,0.04,0.04,0.039,0.039,0.039,0.039,0.039,0.04,0.04,0.04,0.04,0.04,0.04,0.04,0.04,0.039,0.039,0.039,0.038,0.038,0.038,0.038,0.037,0.037,0.037,0.037,0.038,0.038,0.039,0.039,0.039,0.039,0.039,0.038,0.038
S2_F1_06-04-2021,Falcon 48 Well Plate 1500 µL,2.0,F1,0.0,0.00025,0.3,0.69975,0.0,0.0,0.0001625,0.1608910891089109,0.195,247.05435195743067,0.4548375,454.8375,0.0,92.85714285714286,400.9746343079155,454.8375,948.6692771650584,0.312,0.193,0.149,0.116,0.082,0.069,0.061,0.055,0.049,0.046,0.044,0.044,0.043,0.043,0.042,0.042,0.042,0.041,0.041,0.041,0.041,0.041,0.041,0.042,0.042,0.042,0.042,0.042,0.042,0.042,0.042,0.042,0.042,0.042,0.042,0.041,0.041,0.041,0.041,0.041,0.041,0.042,0.043,0.045,0.046,0.046,0.047,0.047,0.046,0.046,0.046
S2_F2_06-04-2021,Falcon 48 Well Plate 1500 µL,2.0,F2,0.0,0.00025,0.4,0.59975,0.0,0.0,0.0001625,0.1608910891089109,0.26,329.40580260990754,0.3898375,389.8375,0.0,92.85714285714286,565.5315963332318,389.8375,1048.2262391903746,0.29,0.179,0.139,0.109,0.078,0.066,0.059,0.053,0.048,0.045,0.043,0.042,0.042,0.041,0.041,0.04,0.04,0.04,0.039,0.039,0.039,0.039,0.039,0.04,0.04,0.04,0.04,0.04,0.041,0.04,0.04,0.04,0.04,0.04,0.039,0.039,0.039,0.039,0.038,0.038,0.039,0.039,0.04,0.041,0.043,0.043,0.043,0.043,0.043,0.043,0.043
S2_F3_06-04-2021,Falcon 48 Well Plate 1500 µL,2.0,F3,0.0,0.00025,0.5,0.49975,0.0,0.0,0.0001625,0.1608910891089109,0.325,411.7572532623844,0.3248375,324.8375,0.0,92.85714285714286,730.0885583585482,324.8375,1147.783201215691,0.294,0.183,0.143,0.112,0.081,0.069,0.062,0.056,0.05,0.047,0.045,0.045,0.045,0.044,0.044,0.043,0.043,0.042,0.041,0.041,0.041,0.041,0.041,0.041,0.042,0.042,0.042,0.042,0.043,0.043,0.043,0.043,0.043,0.043,0.042,0.042,0.042,0.042,0.042,0.041,0.041,0.042,0.043,0.044,0.046,0.046,0.046,0.045,0.045,0.045,0.044
S2_F4_06-04-2021,Falcon 48 Well Plate 1500 µL,2.0,F4,0.0,0.00025,0.6,0.39975,0.0,0.0,0.0001625,0.1608910891089109,0.39,494.1087039148613,0.2598375,259.83750000000003,0.0,92.85714285714286,894.6455203838648,259.83750000000003,1247.3401632410078,0.287,0.178,0.139,0.109,0.078,0.067,0.059,0.053,0.048,0.045,0.044,0.043,0.042,0.042,0.041,0.041,0.04,0.04,0.04,0.039,0.039,0.039,0.039,0.04,0.04,0.04,0.04,0.041,0.041,0.041,0.041,0.041,0.041,0.04,0.04,0.04,0.04,0.039,0.039,0.039,0.039,0.04,0.04,0.042,0.043,0.043,0.043,0.043,0.042,0.042,0.042
S2_F5_06-04-2021,Falcon 48 Well Plate 1500 µL,2.0,F5,0.0,0.00025,0.7000000000000001,0.2997499999999999,0.0,0.0,0.0001625,0.1608910891089109,0.455,576.4601545673382,0.1948374999999999,194.8375,0.0,92.85714285714286,1059.2024824091814,194.8375,1346.897125266324,0.293,0.182,0.142,0.11,0.079,0.067,0.06,0.054,0.049,0.045,0.043,0.043,0.042,0.042,0.042,0.042,0.041,0.041,0.04,0.04,0.04,0.039,0.039,0.04,0.04,0.04,0.04,0.04,0.04,0.04,0.04,0.04,0.04,0.04,0.04,0.04,0.04,0.039,0.039,0.039,0.039,0.04,0.041,0.042,0.044,0.043,0.043,0.043,0.043,0.042,0.043
S2_F6_06-04-2021,Falcon 48 Well Plate 1500 µL,2.0,F6,0.0,0.00025,0.8,0.1997499999999999,0.0,0.0,0.0001625,0.1608910891089109,0.52,658.8116052198151,0.1298375,129.8375,0.0,92.85714285714286,1223.7594444344977,129.8375,1446.4540872916407,0.288,0.179,0.139,0.109,0.078,0.067,0.059,0.053,0.048,0.045,0.043,0.043,0.042,0.042,0.041,0.041,0.04,0.04,0.04,0.039,0.039,0.039,0.039,0.04,0.04,0.04,0.04,0.04,0.04,0.04,0.04,0.04,0.039,0.039,0.039,0.038,0.038,0.038,0.038,0.038,0.038,0.038,0.039,0.04,0.042,0.041,0.041,0.041,0.041,0.04,0.041
S2_F7_06-04-2021,Falcon 48 Well Plate 1500 µL,2.0,F7,0.00025,0.00025,0.2,0.7995,0.0001625,0.1608910891089109,0.0001625,0.1608910891089109,0.13,164.70290130495377,0.519675,519.675,65.0,92.85714285714286,171.57856337170787,519.675,849.1107062288506,2.151,1.7,1.442,1.312,1.259,1.234,1.214,1.197,1.18,1.165,1.152,1.139,1.127,1.115,1.104,1.092,1.081,1.069,1.058,1.047,1.036,1.025,1.014,1.004,0.994,0.984,0.974,0.964,0.954,0.944,0.934,0.924,0.914,0.904,0.894,0.884,0.874,0.864,0.854,0.845,0.835,0.826,0.816,0.808,0.8,0.791,0.782,0.772,0.763,0.753,0.743
S2_F8_06-04-2021,Falcon 48 Well Plate 1500 µL,2.0,F8,0.00025,0.00025,0.3,0.6995,0.0001625,0.1608910891089109,0.0001625,0.1608910891089109,0.195,247.05435195743067,0.454675,454.675,65.0,92.85714285714286,336.1355253970244,454.675,948.6676682541672,1.644,0.748,0.334,0.259,0.23,0.219,0.212,0.206,0.2,0.196,0.194,0.192,0.191,0.189,0.186,0.184,0.182,0.18,0.177,0.173,0.17,0.167,0.164,0.162,0.159,0.156,0.153,0.151,0.148,0.146,0.143,0.141,0.138,0.136,0.134,0.132,0.129,0.127,0.125,0.123,0.121,0.119,0.117,0.116,0.115,0.113,0.112,0.111,0.109,0.107,0.106
S3_A1_06-04-2021,Falcon 48 Well Plate 1500 µL,3.0,A1,0.00025,0.00025,0.4,0.5994999999999999,0.0001625,0.1608910891089109,0.0001625,0.1608910891089109,0.26,329.40580260990754,0.3896749999999999,389.675,65.0,92.85714285714286,500.6924874223407,389.675,1048.2246302794836,2.363,1.731,0.319,0.114,0.078,0.066,0.059,0.053,0.048,0.045,0.044,0.043,0.042,0.042,0.041,0.041,0.04,0.04,0.04,0.039,0.04,0.039,0.039,0.04,0.04,0.04,0.04,0.04,0.04,0.04,0.039,0.039,0.039,0.039,0.039,0.039,0.039,0.038,0.038,0.039,0.039,0.04,0.041,0.043,0.044,0.045,0.045,0.045,0.045,0.045,0.045
S3_A2_06-04-2021,Falcon 48 Well Plate 1500 µL,3.0,A2,0.00025,0.00025,0.5,0.4995,0.0001625,0.1608910891089109,0.0001625,0.1608910891089109,0.325,411.7572532623844,0.324675,324.67500000000007,65.0,92.85714285714286,665.2494494476572,324.67500000000007,1147.7815923048,2.429,1.571,0.284,0.112,0.078,0.067,0.059,0.053,0.048,0.045,0.044,0.043,0.042,0.042,0.042,0.041,0.041,0.04,0.04,0.039,0.04,0.039,0.039,0.04,0.04,0.04,0.04,0.04,0.041,0.041,0.041,0.041,0.04,0.04,0.04,0.04,0.04,0.039,0.039,0.039,0.039,0.04,0.041,0.042,0.044,0.043,0.043,0.043,0.043,0.043,0.043
S3_A3_06-04-2021,Falcon 48 Well Plate 1500 µL,3.0,A3,0.00025,0.00025,0.6,0.3995000000000001,0.0001625,0.1608910891089109,0.0001625,0.1608910891089109,0.39,494.1087039148613,0.259675,259.67500000000007,65.0,92.85714285714286,829.8064114729738,259.67500000000007,1247.3385543301167,2.442,1.526,0.272,0.112,0.078,0.066,0.059,0.053,0.048,0.045,0.043,0.043,0.042,0.042,0.041,0.041,0.04,0.04,0.039,0.039,0.039,0.039,0.039,0.04,0.04,0.04,0.04,0.04,0.04,0.04,0.04,0.04,0.04,0.04,0.039,0.039,0.039,0.039,0.038,0.038,0.038,0.039,0.039,0.041,0.043,0.042,0.042,0.042,0.042,0.041,0.042
S3_A4_06-04-2021,Falcon 48 Well Plate 1500 µL,3.0,A4,0.00025,0.00025,0.7000000000000001,0.2995,0.0001625,0.1608910891089109,0.0001625,0.1608910891089109,0.455,576.4601545673382,0.194675,194.675,65.0,92.85714285714286,994.3633734982903,194.675,1346.895516355433,2.455,1.406,0.251,0.113,0.079,0.067,0.059,0.053,0.048,0.045,0.043,0.043,0.042,0.042,0.041,0.041,0.04,0.04,0.039,0.039,0.039,0.039,0.039,0.04,0.04,0.04,0.04,0.04,0.04,0.04,0.04,0.04,0.04,0.039,0.039,0.039,0.038,0.038,0.038,0.038,0.038,0.038,0.039,0.04,0.042,0.041,0.041,0.041,0.041,0.041,0.041
S3_A5_06-04-2021,Falcon 48 Well Plate 1500 µL,3.0,A5,0.00025,0.00025,0.8,0.1995,0.0001625,0.1608910891089109,0.0001625,0.1608910891089109,0.52,658.8116052198151,0.129675,129.675,65.0,92.85714285714286,1158.9203355236066,129.675,1446.4524783807494,2.462,1.364,0.244,0.114,0.08,0.067,0.059,0.053,0.048,0.045,0.044,0.043,0.042,0.042,0.041,0.041,0.04,0.04,0.039,0.039,0.039,0.039,0.039,0.04,0.04,0.04,0.04,0.04,0.04,0.04,0.04,0.04,0.04,0.039,0.039,0.039,0.038,0.038,0.038,0.038,0.038,0.038,0.039,0.04,0.041,0.041,0.041,0.041,0.04,0.04,0.041
S3_A6_06-04-2021,Falcon 48 Well Plate 1500 µL,3.0,A6,0.0005,0.00025,0.2,0.79925,0.000325,0.3217821782178218,0.0001625,0.1608910891089109,0.13,164.70290130495377,0.5195125,519.5125,130.0,92.85714285714286,106.73945446081676,519.5125,849.1090973179596,2.798,2.567,2.35,2.06,1.954,1.904,1.866,1.835,1.807,1.782,1.764,1.746,1.731,1.717,1.703,1.69,1.677,1.665,1.654,1.643,1.632,1.622,1.612,1.604,1.595,1.586,1.578,1.57,1.562,1.554,1.546,1.538,1.53,1.522,1.514,1.507,1.499,1.492,1.485,1.477,1.47,1.463,1.456,1.45,1.445,1.437,1.43,1.423,1.415,1.407,1.398
S3_A7_06-04-2021,Falcon 48 Well Plate 1500 µL,3.0,A7,0.0005,0.00025,0.3,0.6992499999999999,0.000325,0.3217821782178218,0.0001625,0.1608910891089109,0.195,247.05435195743067,0.4545125,454.5125,130.0,92.85714285714286,271.2964164861333,454.5125,948.6660593432762,2.653,2.238,1.104,0.871,0.833,0.825,0.82,0.816,0.811,0.809,0.808,0.808,0.808,0.807,0.807,0.807,0.806,0.806,0.805,0.804,0.803,0.801,0.799,0.798,0.796,0.793,0.791,0.789,0.786,0.782,0.779,0.775,0.772,0.768,0.764,0.76,0.756,0.752,0.747,0.743,0.739,0.735,0.731,0.729,0.725,0.721,0.717,0.712,0.707,0.702,0.697
S3_A8_06-04-2021,Falcon 48 Well Plate 1500 µL,3.0,A8,0.0005,0.00025,0.4,0.5992500000000001,0.000325,0.3217821782178218,0.0001625,0.1608910891089109,0.26,329.40580260990754,0.3895125,389.5125000000001,130.0,92.85714285714286,435.8533785114497,389.5125000000001,1048.2230213685923,2.453,2.334,0.539,0.126,0.08,0.067,0.059,0.054,0.049,0.045,0.044,0.043,0.043,0.042,0.041,0.041,0.04,0.04,0.04,0.04,0.04,0.04,0.04,0.041,0.041,0.041,0.041,0.041,0.041,0.041,0.041,0.041,0.041,0.041,0.041,0.04,0.04,0.04,0.04,0.04,0.04,0.04,0.041,0.042,0.044,0.044,0.044,0.044,0.043,0.043,0.043
S3_B1_06-04-2021,Falcon 48 Well Plate 1500 µL,3.0,B1,0.0005,0.00025,0.5,0.4992499999999999,0.000325,0.3217821782178218,0.0001625,0.1608910891089109,0.325,411.7572532623844,0.3245125,324.5125,130.0,92.85714285714286,600.4103405367662,324.5125,1147.779983393909,2.453,2.245,0.424,0.12,0.079,0.067,0.059,0.053,0.048,0.044,0.043,0.042,0.042,0.042,0.041,0.041,0.041,0.041,0.04,0.04,0.04,0.039,0.039,0.04,0.039,0.039,0.039,0.04,0.04,0.04,0.04,0.04,0.04,0.04,0.04,0.039,0.039,0.039,0.039,0.039,0.04,0.04,0.041,0.042,0.044,0.044,0.044,0.044,0.043,0.043,0.043
S3_B2_06-04-2021,Falcon 48 Well Plate 1500 µL,3.0,B2,0.0005,0.00025,0.6,0.39925,0.000325,0.3217821782178218,0.0001625,0.1608910891089109,0.39,494.1087039148613,0.2595125,259.5125,130.0,92.85714285714286,764.9673025620825,259.5125,1247.3369454192257,2.451,2.201,0.388,0.118,0.08,0.067,0.06,0.054,0.049,0.045,0.044,0.043,0.042,0.042,0.042,0.041,0.041,0.041,0.041,0.04,0.04,0.04,0.04,0.04,0.04,0.04,0.04,0.041,0.041,0.041,0.04,0.04,0.04,0.04,0.04,0.04,0.039,0.039,0.039,0.039,0.039,0.04,0.041,0.042,0.044,0.043,0.043,0.043,0.043,0.043,0.043
S3_B3_06-04-2021,Falcon 48 Well Plate 1500 µL,3.0,B3,0.0005,0.00025,0.7000000000000001,0.2992499999999999,0.000325,0.3217821782178218,0.0001625,0.1608910891089109,0.455,576.4601545673382,0.1945124999999999,194.5125,130.0,92.85714285714286,929.5242645873992,194.5125,1346.893907444542,2.465,2.142,0.354,0.117,0.079,0.067,0.059,0.054,0.048,0.045,0.043,0.042,0.042,0.041,0.041,0.041,0.04,0.04,0.04,0.04,0.04,0.039,0.039,0.04,0.04,0.04,0.04,0.04,0.04,0.04,0.039,0.039,0.039,0.039,0.039,0.038,0.038,0.038,0.038,0.038,0.038,0.039,0.039,0.04,0.042,0.042,0.042,0.042,0.041,0.041,0.042
S3_B4_06-04-2021,Falcon 48 Well Plate 1500 µL,3.0,B4,0.0005,0.00025,0.8,0.1992499999999999,0.000325,0.3217821782178218,0.0001625,0.1608910891089109,0.52,658.8116052198151,0.1295124999999999,129.51249999999996,130.0,92.85714285714286,1094.0812266127157,129.51249999999996,1446.4508694698584,2.364,1.999,0.326,0.111,0.077,0.066,0.059,0.053,0.049,0.045,0.044,0.044,0.044,0.044,0.043,0.043,0.043,0.042,0.042,0.041,0.041,0.041,0.041,0.041,0.041,0.041,0.04,0.041,0.041,0.04,0.04,0.04,0.04,0.039,0.039,0.039,0.038,0.038,0.038,0.038,0.038,0.038,0.039,0.04,0.042,0.041,0.042,0.042,0.041,0.041,0.042
S3_B5_06-04-2021,Falcon 48 Well Plate 1500 µL,3.0,B5,0.00075,0.00025,0.2,0.7989999999999999,0.0004875,0.4826732673267327,0.0001625,0.1608910891089109,0.13,164.70290130495377,0.51935,519.35,195.0,92.85714285714286,41.90034554992567,519.35,849.1074884070686,2.91,2.775,2.663,2.378,2.244,2.179,2.131,2.09,2.054,2.021,1.997,1.975,1.955,1.937,1.92,1.903,1.888,1.873,1.859,1.846,1.833,1.821,1.809,1.799,1.788,1.779,1.769,1.76,1.751,1.741,1.732,1.722,1.714,1.705,1.696,1.688,1.679,1.67,1.662,1.653,1.646,1.638,1.631,1.624,1.617,1.609,1.6,1.591,1.582,1.573,1.563
S3_B6_06-04-2021,Falcon 48 Well Plate 1500 µL,3.0,B6,0.00075,0.00025,0.3,0.699,0.0004875,0.4826732673267327,0.0001625,0.1608910891089109,0.195,247.05435195743067,0.45435,454.35,195.0,92.85714285714286,206.4573075752422,454.35,948.6644504323853,2.692,2.228,1.156,0.919,0.881,0.877,0.877,0.876,0.875,0.875,0.877,0.878,0.881,0.883,0.886,0.887,0.891,0.892,0.895,0.896,0.897,0.899,0.9,0.901,0.903,0.903,0.904,0.904,0.904,0.904,0.902,0.902,0.902,0.9,0.899,0.897,0.895,0.893,0.891,0.889,0.887,0.882,0.884,0.883,0.882,0.878,0.875,0.871,0.867,0.864,0.86
S3_B7_06-04-2021,Falcon 48 Well Plate 1500 µL,3.0,B7,0.00075,0.00025,0.4,0.599,0.0004875,0.4826732673267327,0.0001625,0.1608910891089109,0.26,329.40580260990754,0.38935,389.35,195.0,92.85714285714286,371.0142696005585,389.35,1048.2214124577013,2.489,2.377,0.642,0.131,0.081,0.067,0.059,0.054,0.048,0.045,0.044,0.043,0.042,0.041,0.041,0.04,0.04,0.04,0.04,0.04,0.04,0.04,0.04,0.04,0.04,0.04,0.04,0.041,0.041,0.041,0.04,0.04,0.04,0.04,0.039,0.039,0.039,0.039,0.039,0.038,0.039,0.039,0.04,0.041,0.043,0.043,0.043,0.043,0.043,0.043,0.043
S3_B8_06-04-2021,Falcon 48 Well Plate 1500 µL,3.0,B8,0.00075,0.00025,0.5,0.499,0.0004875,0.4826732673267327,0.0001625,0.1608910891089109,0.325,411.7572532623844,0.32435,324.35,195.0,92.85714285714286,535.5712316258749,324.35,1147.7783744830178,2.453,2.341,0.571,0.127,0.08,0.067,0.059,0.053,0.048,0.045,0.043,0.042,0.042,0.041,0.041,0.04,0.04,0.04,0.04,0.04,0.04,0.04,0.04,0.04,0.04,0.04,0.04,0.04,0.04,0.04,0.04,0.039,0.039,0.039,0.038,0.038,0.038,0.038,0.038,0.038,0.038,0.038,0.039,0.04,0.042,0.042,0.042,0.042,0.042,0.042,0.042
S3_C1_06-04-2021,Falcon 48 Well Plate 1500 µL,3.0,C1,0.00075,0.00025,0.6,0.399,0.0004875,0.4826732673267327,0.0001625,0.1608910891089109,0.39,494.1087039148613,0.25935,259.35,195.0,92.85714285714286,700.1281936511915,259.35,1247.3353365083344,2.447,1.655,0.289,0.118,0.081,0.068,0.06,0.054,0.048,0.045,0.044,0.043,0.042,0.042,0.041,0.04,0.04,0.039,0.039,0.039,0.039,0.039,0.039,0.039,0.039,0.039,0.039,0.04,0.04,0.04,0.039,0.039,0.039,0.038,0.038,0.038,0.037,0.037,0.037,0.037,0.037,0.037,0.037,0.037,0.038,0.037,0.037,0.037,0.037,0.037,0.037
S3_C2_06-04-2021,Falcon 48 Well Plate 1500 µL,3.0,C2,0.00075,0.00025,0.7000000000000001,0.2989999999999999,0.0004875,0.4826732673267327,0.0001625,0.1608910891089109,0.455,576.4601545673382,0.1943499999999999,194.35,195.0,92.85714285714286,864.6851556765081,194.35,1346.8922985336508,2.47,2.333,0.464,0.122,0.08,0.067,0.06,0.054,0.049,0.045,0.044,0.043,0.042,0.041,0.041,0.04,0.04,0.04,0.04,0.04,0.04,0.04,0.04,0.041,0.04,0.04,0.04,0.04,0.041,0.04,0.04,0.04,0.04,0.039,0.039,0.038,0.038,0.038,0.038,0.038,0.038,0.038,0.038,0.04,0.042,0.041,0.041,0.041,0.041,0.041,0.041
S3_C3_06-04-2021,Falcon 48 Well Plate 1500 µL,3.0,C3,0.00075,0.00025,0.8,0.1989999999999999,0.0004875,0.4826732673267327,0.0001625,0.1608910891089109,0.52,658.8116052198151,0.1293499999999999,129.34999999999997,195.0,92.85714285714286,1029.2421177018246,129.34999999999997,1446.4492605589674,2.479,2.303,0.413,0.119,0.08,0.067,0.059,0.054,0.048,0.045,0.043,0.042,0.042,0.041,0.041,0.04,0.04,0.04,0.04,0.04,0.04,0.04,0.04,0.04,0.041,0.04,0.04,0.041,0.041,0.04,0.04,0.04,0.04,0.039,0.039,0.038,0.038,0.038,0.038,0.038,0.038,0.038,0.038,0.039,0.041,0.041,0.041,0.041,0.04,0.04,0.041
S3_C4_06-04-2021,Falcon 48 Well Plate 1500 µL,3.0,C4,0.001,0.00025,0.3,0.69875,0.00065,0.6435643564356436,0.0001625,0.1608910891089109,0.195,247.05435195743067,0.4541875,454.1875,260.0,92.85714285714286,141.61819866435113,454.1875,948.662841521494,2.744,2.372,1.45,1.206,1.166,1.159,1.156,1.152,1.147,1.145,1.143,1.143,1.143,1.143,1.143,1.143,1.143,1.142,1.141,1.14,1.14,1.138,1.137,1.135,1.134,1.132,1.129,1.127,1.125,1.122,1.119,1.116,1.113,1.109,1.106,1.102,1.099,1.095,1.091,1.087,1.083,1.082,1.076,1.074,1.072,1.067,1.064,1.059,1.054,1.049,1.044
S3_C5_06-04-2021,Falcon 48 Well Plate 1500 µL,3.0,C5,0.001,0.00025,0.4,0.59875,0.00065,0.6435643564356436,0.0001625,0.1608910891089109,0.26,329.40580260990754,0.3891875,389.1875,260.0,92.85714285714286,306.17516068966745,389.1875,1048.2198035468105,2.594,2.465,1.3,0.707,0.638,0.613,0.594,0.578,0.563,0.549,0.536,0.524,0.512,0.501,0.49,0.479,0.468,0.458,0.448,0.438,0.427,0.418,0.409,0.401,0.393,0.386,0.378,0.37,0.364,0.357,0.35,0.343,0.339,0.333,0.327,0.321,0.316,0.31,0.305,0.3,0.295,0.291,0.287,0.284,0.281,0.276,0.272,0.267,0.262,0.258,0.253
S3_C6_06-04-2021,Falcon 48 Well Plate 1500 µL,3.0,C6,0.001,0.00025,0.5,0.49875,0.00065,0.6435643564356436,0.0001625,0.1608910891089109,0.325,411.7572532623844,0.3241875,324.1875,260.0,92.85714285714286,470.7321227149839,324.1875,1147.7767655721268,2.45,2.35,0.691,0.13,0.079,0.066,0.059,0.053,0.048,0.045,0.043,0.042,0.042,0.041,0.041,0.04,0.04,0.04,0.039,0.039,0.04,0.039,0.04,0.04,0.04,0.04,0.04,0.04,0.04,0.04,0.04,0.04,0.04,0.039,0.039,0.038,0.038,0.038,0.038,0.038,0.038,0.038,0.039,0.041,0.043,0.042,0.043,0.043,0.042,0.042,0.042
S3_C7_06-04-2021,Falcon 48 Well Plate 1500 µL,3.0,C7,0.001,0.00025,0.6,0.39875,0.00065,0.6435643564356436,0.0001625,0.1608910891089109,0.39,494.1087039148613,0.2591875,259.1875,260.0,92.85714285714286,635.2890847403004,259.1875,1247.3337275974432,2.454,2.356,0.634,0.125,0.079,0.066,0.058,0.053,0.048,0.044,0.043,0.042,0.042,0.041,0.041,0.04,0.04,0.04,0.04,0.039,0.04,0.039,0.039,0.04,0.04,0.04,0.04,0.04,0.04,0.04,0.039,0.039,0.039,0.039,0.039,0.038,0.038,0.038,0.038,0.038,0.038,0.038,0.039,0.04,0.042,0.042,0.042,0.042,0.041,0.041,0.041
S3_C8_06-04-2021,Falcon 48 Well Plate 1500 µL,3.0,C8,0.001,0.00025,0.7000000000000001,0.2987499999999999,0.00065,0.6435643564356436,0.0001625,0.1608910891089109,0.455,576.4601545673382,0.1941874999999999,194.1875,260.0,92.85714285714286,799.846046765617,194.1875,1346.89068962276,2.362,2.252,0.56,0.121,0.079,0.067,0.059,0.054,0.049,0.046,0.044,0.043,0.043,0.043,0.042,0.042,0.042,0.041,0.041,0.041,0.041,0.04,0.04,0.04,0.04,0.04,0.04,0.04,0.04,0.04,0.04,0.04,0.04,0.04,0.039,0.039,0.039,0.038,0.039,0.039,0.039,0.039,0.04,0.041,0.043,0.042,0.043,0.043,0.042,0.042,0.042
S3_D1_06-04-2021,Falcon 48 Well Plate 1500 µL,3.0,D1,0.001,0.00025,0.8,0.1987499999999999,0.00065,0.6435643564356436,0.0001625,0.1608910891089109,0.52,658.8116052198151,0.1291874999999999,129.18749999999997,260.0,92.85714285714286,964.4030087909332,129.18749999999997,1446.4476516480763,2.377,2.269,0.507,0.119,0.078,0.066,0.059,0.053,0.048,0.045,0.043,0.042,0.042,0.041,0.041,0.04,0.04,0.04,0.04,0.04,0.04,0.04,0.04,0.04,0.04,0.04,0.041,0.041,0.041,0.041,0.041,0.041,0.041,0.041,0.041,0.041,0.041,0.041,0.041,0.041,0.041,0.043,0.044,0.045,0.047,0.046,0.046,0.046,0.046,0.046,0.046
S3_D2_06-04-2021,Falcon 48 Well Plate 1500 µL,3.0,D2,0.0,0.0005,0.2,0.7995,0.0,0.0,0.000325,0.3217821782178218,0.13,164.70290130495377,0.519675,519.675,0.0,185.7142857142857,143.72142051456498,519.675,849.1107062288506,0.359,0.255,0.216,0.186,0.156,0.144,0.137,0.13,0.124,0.121,0.118,0.116,0.116,0.116,0.115,0.114,0.113,0.112,0.112,0.111,0.11,0.11,0.109,0.109,0.11,0.108,0.108,0.109,0.108,0.108,0.108,0.108,0.108,0.107,0.107,0.107,0.106,0.107,0.106,0.106,0.107,0.102,0.109,0.111,0.113,0.113,0.113,0.112,0.112,0.112,0.112
S3_D3_06-04-2021,Falcon 48 Well Plate 1500 µL,3.0,D3,0.0,0.0005,0.3,0.6995,0.0,0.0,0.000325,0.3217821782178218,0.195,247.05435195743067,0.454675,454.675,0.0,185.7142857142857,308.27838253988153,454.675,948.6676682541672,0.274,0.171,0.133,0.105,0.076,0.065,0.058,0.053,0.048,0.044,0.043,0.042,0.042,0.041,0.041,0.041,0.04,0.04,0.04,0.04,0.04,0.039,0.039,0.04,0.039,0.039,0.039,0.039,0.039,0.039,0.038,0.038,0.038,0.038,0.037,0.037,0.037,0.037,0.037,0.037,0.037,0.037,0.037,0.037,0.038,0.038,0.038,0.038,0.038,0.038,0.038
S3_D4_06-04-2021,Falcon 48 Well Plate 1500 µL,3.0,D4,0.0,0.0005,0.4,0.5994999999999999,0.0,0.0,0.000325,0.3217821782178218,0.26,329.40580260990754,0.3896749999999999,389.675,0.0,185.7142857142857,472.8353445651979,389.675,1048.2246302794836,0.286,0.178,0.138,0.108,0.078,0.066,0.059,0.053,0.048,0.045,0.043,0.042,0.041,0.041,0.041,0.04,0.04,0.04,0.04,0.04,0.04,0.039,0.04,0.04,0.04,0.04,0.04,0.04,0.04,0.04,0.039,0.039,0.039,0.039,0.038,0.038,0.038,0.038,0.038,0.038,0.038,0.039,0.039,0.041,0.043,0.043,0.043,0.043,0.043,0.043,0.043
S3_D5_06-04-2021,Falcon 48 Well Plate 1500 µL,3.0,D5,0.0,0.0005,0.5,0.4995,0.0,0.0,0.000325,0.3217821782178218,0.325,411.7572532623844,0.324675,324.67500000000007,0.0,185.7142857142857,637.3923065905143,324.67500000000007,1147.7815923048,0.277,0.175,0.137,0.107,0.078,0.067,0.06,0.054,0.049,0.046,0.045,0.044,0.043,0.043,0.042,0.042,0.042,0.041,0.041,0.041,0.041,0.041,0.041,0.041,0.041,0.041,0.041,0.042,0.042,0.042,0.041,0.042,0.042,0.041,0.041,0.041,0.041,0.041,0.041,0.041,0.041,0.042,0.043,0.045,0.047,0.047,0.047,0.047,0.046,0.046,0.047
S3_D6_06-04-2021,Falcon 48 Well Plate 1500 µL,3.0,D6,0.0,0.0005,0.6,0.3995000000000001,0.0,0.0,0.000325,0.3217821782178218,0.39,494.1087039148613,0.259675,259.67500000000007,0.0,185.7142857142857,801.949268615831,259.67500000000007,1247.338554330117,0.284,0.176,0.138,0.107,0.077,0.066,0.059,0.053,0.048,0.045,0.043,0.042,0.042,0.041,0.041,0.04,0.04,0.04,0.039,0.039,0.039,0.039,0.039,0.039,0.039,0.039,0.04,0.04,0.04,0.04,0.04,0.04,0.04,0.039,0.039,0.039,0.039,0.039,0.039,0.039,0.039,0.04,0.041,0.042,0.044,0.043,0.043,0.044,0.043,0.043,0.043
S3_D7_06-04-2021,Falcon 48 Well Plate 1500 µL,3.0,D7,0.0,0.0005,0.7000000000000001,0.2995,0.0,0.0,0.000325,0.3217821782178218,0.455,576.4601545673382,0.194675,194.675,0.0,185.7142857142857,966.5062306411472,194.675,1346.895516355433,0.282,0.175,0.136,0.107,0.077,0.066,0.058,0.053,0.048,0.045,0.043,0.043,0.042,0.042,0.041,0.041,0.041,0.041,0.04,0.04,0.04,0.04,0.039,0.04,0.04,0.04,0.039,0.04,0.04,0.039,0.039,0.039,0.039,0.039,0.038,0.038,0.038,0.038,0.038,0.038,0.038,0.038,0.039,0.04,0.042,0.041,0.042,0.042,0.041,0.041,0.041
S3_D8_06-04-2021,Falcon 48 Well Plate 1500 µL,3.0,D8,0.0,0.0005,0.8,0.1995,0.0,0.0,0.000325,0.3217821782178218,0.52,658.8116052198151,0.129675,129.675,0.0,185.7142857142857,1131.0631926664637,129.675,1446.4524783807494,0.288,0.179,0.139,0.109,0.078,0.067,0.059,0.053,0.048,0.045,0.043,0.043,0.042,0.042,0.042,0.042,0.041,0.041,0.041,0.041,0.04,0.04,0.04,0.04,0.04,0.04,0.04,0.04,0.04,0.04,0.039,0.039,0.039,0.039,0.038,0.038,0.038,0.038,0.037,0.037,0.038,0.038,0.038,0.039,0.041,0.041,0.041,0.041,0.04,0.04,0.041
S3_E1_06-04-2021,Falcon 48 Well Plate 1500 µL,3.0,E1,0.00025,0.0005,0.2,0.79925,0.0001625,0.1608910891089109,0.000325,0.3217821782178218,0.13,164.70290130495377,0.5195125,519.5125,65.0,185.7142857142857,78.88231160367393,519.5125,849.1090973179597,2.289,1.94,1.707,1.539,1.466,1.427,1.395,1.366,1.339,1.315,1.293,1.273,1.253,1.235,1.217,1.2,1.182,1.165,1.148,1.131,1.115,1.097,1.081,1.065,1.048,1.033,1.016,1.0,0.984,0.967,0.951,0.935,0.918,0.902,0.886,0.871,0.855,0.84,0.825,0.811,0.796,0.782,0.769,0.757,0.745,0.732,0.719,0.706,0.693,0.68,0.667
S3_E2_06-04-2021,Falcon 48 Well Plate 1500 µL,3.0,E2,0.00025,0.0005,0.3,0.6992499999999999,0.0001625,0.1608910891089109,0.000325,0.3217821782178218,0.195,247.05435195743067,0.4545125,454.5125,65.0,185.7142857142857,243.4392736289905,454.5125,948.6660593432762,2.518,1.735,0.734,0.565,0.523,0.506,0.493,0.48,0.469,0.458,0.449,0.44,0.431,0.422,0.413,0.405,0.396,0.388,0.38,0.371,0.363,0.355,0.347,0.34,0.333,0.326,0.319,0.312,0.305,0.299,0.292,0.286,0.28,0.274,0.268,0.263,0.257,0.252,0.247,0.242,0.237,0.233,0.229,0.226,0.224,0.22,0.216,0.212,0.208,0.204,0.2
S3_E3_06-04-2021,Falcon 48 Well Plate 1500 µL,3.0,E3,0.00025,0.0005,0.4,0.5992500000000001,0.0001625,0.1608910891089109,0.000325,0.3217821782178218,0.26,329.40580260990754,0.3895125,389.5125000000001,65.0,185.7142857142857,407.9962356543068,389.5125000000001,1048.2230213685923,2.459,1.747,0.318,0.115,0.078,0.066,0.059,0.053,0.048,0.044,0.043,0.042,0.041,0.041,0.041,0.04,0.04,0.04,0.04,0.039,0.04,0.039,0.039,0.04,0.04,0.04,0.04,0.04,0.04,0.04,0.04,0.039,0.039,0.039,0.039,0.038,0.038,0.038,0.038,0.038,0.038,0.039,0.039,0.041,0.043,0.043,0.043,0.043,0.043,0.043,0.043
S3_E4_06-04-2021,Falcon 48 Well Plate 1500 µL,3.0,E4,0.00025,0.0005,0.5,0.4992499999999999,0.0001625,0.1608910891089109,0.000325,0.3217821782178218,0.325,411.7572532623844,0.3245125,324.5125,65.0,185.7142857142857,572.5531976796232,324.5125,1147.7799833939089,2.321,1.598,0.283,0.109,0.077,0.066,0.058,0.053,0.048,0.044,0.043,0.042,0.042,0.041,0.041,0.04,0.04,0.04,0.04,0.039,0.04,0.039,0.039,0.04,0.04,0.04,0.04,0.04,0.04,0.04,0.04,0.039,0.039,0.039,0.039,0.039,0.039,0.038,0.038,0.038,0.039,0.039,0.04,0.041,0.043,0.043,0.043,0.043,0.043,0.043,0.043
S3_E5_06-04-2021,Falcon 48 Well Plate 1500 µL,3.0,E5,0.00025,0.0005,0.6,0.39925,0.0001625,0.1608910891089109,0.000325,0.3217821782178218,0.39,494.1087039148613,0.2595125,259.5125,65.0,185.7142857142857,737.1101597049399,259.5125,1247.3369454192257,2.26,1.493,0.265,0.111,0.078,0.066,0.059,0.054,0.049,0.045,0.044,0.044,0.044,0.043,0.043,0.042,0.042,0.041,0.041,0.04,0.04,0.04,0.04,0.04,0.04,0.04,0.04,0.04,0.04,0.04,0.04,0.04,0.04,0.04,0.04,0.04,0.04,0.04,0.04,0.04,0.04,0.042,0.043,0.045,0.046,0.046,0.047,0.047,0.046,0.047,0.047
S3_E6_06-04-2021,Falcon 48 Well Plate 1500 µL,3.0,E6,0.00025,0.0005,0.7000000000000001,0.2992499999999999,0.0001625,0.1608910891089109,0.000325,0.3217821782178218,0.455,576.4601545673382,0.1945124999999999,194.5125,65.0,185.7142857142857,901.6671217302564,194.5125,1346.893907444542,2.291,1.392,0.249,0.11,0.077,0.066,0.059,0.053,0.048,0.044,0.043,0.042,0.041,0.041,0.041,0.04,0.04,0.04,0.04,0.04,0.04,0.04,0.04,0.04,0.04,0.04,0.04,0.041,0.041,0.041,0.04,0.04,0.04,0.04,0.04,0.039,0.039,0.039,0.039,0.039,0.039,0.04,0.041,0.042,0.044,0.043,0.043,0.043,0.043,0.043,0.043
S3_E7_06-04-2021,Falcon 48 Well Plate 1500 µL,3.0,E7,0.00025,0.0005,0.8,0.1992499999999999,0.0001625,0.1608910891089109,0.000325,0.3217821782178218,0.52,658.8116052198151,0.1295124999999999,129.51249999999996,65.0,185.7142857142857,1066.2240837555726,129.51249999999996,1446.4508694698584,2.309,1.272,0.228,0.107,0.076,0.065,0.058,0.053,0.048,0.044,0.043,0.042,0.041,0.041,0.04,0.04,0.04,0.04,0.039,0.039,0.039,0.039,0.039,0.039,0.039,0.039,0.039,0.039,0.04,0.039,0.039,0.039,0.039,0.039,0.038,0.038,0.038,0.038,0.038,0.038,0.038,0.038,0.038,0.039,0.041,0.041,0.041,0.041,0.041,0.041,0.041
S3_E8_06-04-2021,Falcon 48 Well Plate 1500 µL,3.0,E8,0.0005,0.0005,0.3,0.699,0.000325,0.3217821782178218,0.000325,0.3217821782178218,0.195,247.05435195743067,0.45435,454.35,130.0,185.7142857142857,178.60016471809936,454.35,948.6644504323853,2.579,2.283,1.275,1.033,0.993,0.982,0.975,0.968,0.963,0.957,0.955,0.955,0.954,0.952,0.951,0.951,0.947,0.946,0.944,0.943,0.94,0.937,0.935,0.933,0.928,0.926,0.922,0.919,0.916,0.911,0.908,0.903,0.898,0.894,0.889,0.884,0.878,0.873,0.868,0.863,0.857,0.86,0.849,0.844,0.841,0.836,0.831,0.825,0.819,0.812,0.805
S3_F1_06-04-2021,Falcon 48 Well Plate 1500 µL,3.0,F1,0.0005,0.0005,0.4,0.599,0.000325,0.3217821782178218,0.000325,0.3217821782178218,0.26,329.40580260990754,0.38935,389.35,130.0,185.7142857142857,343.15712674341574,389.35,1048.2214124577015,2.314,2.158,0.488,0.121,0.078,0.066,0.059,0.053,0.048,0.044,0.043,0.042,0.041,0.041,0.041,0.04,0.04,0.04,0.04,0.04,0.04,0.04,0.04,0.04,0.04,0.04,0.04,0.041,0.041,0.041,0.04,0.041,0.041,0.04,0.04,0.04,0.04,0.04,0.04,0.04,0.04,0.041,0.042,0.043,0.045,0.045,0.045,0.045,0.045,0.045,0.045
S3_F2_06-04-2021,Falcon 48 Well Plate 1500 µL,3.0,F2,0.0005,0.0005,0.5,0.499,0.000325,0.3217821782178218,0.000325,0.3217821782178218,0.325,411.7572532623844,0.32435,324.35,130.0,185.7142857142857,507.71408876873215,324.35,1147.778374483018,2.32,2.12,0.429,0.123,0.08,0.067,0.06,0.054,0.048,0.045,0.043,0.042,0.041,0.041,0.041,0.04,0.04,0.04,0.04,0.04,0.04,0.04,0.04,0.04,0.04,0.04,0.04,0.041,0.041,0.04,0.04,0.04,0.04,0.04,0.04,0.04,0.039,0.039,0.039,0.039,0.039,0.04,0.041,0.043,0.044,0.044,0.044,0.044,0.044,0.044,0.044
S3_F3_06-04-2021,Falcon 48 Well Plate 1500 µL,3.0,F3,0.0005,0.0005,0.6,0.399,0.000325,0.3217821782178218,0.000325,0.3217821782178218,0.39,494.1087039148613,0.25935,259.35,130.0,185.7142857142857,672.2710507940486,259.35,1247.3353365083344,2.325,2.126,0.404,0.116,0.078,0.067,0.059,0.053,0.048,0.045,0.043,0.042,0.041,0.041,0.041,0.04,0.04,0.04,0.04,0.04,0.04,0.04,0.04,0.04,0.04,0.04,0.04,0.04,0.04,0.04,0.04,0.04,0.04,0.04,0.04,0.039,0.039,0.039,0.039,0.039,0.039,0.04,0.041,0.042,0.044,0.044,0.044,0.044,0.043,0.043,0.044
S3_F4_06-04-2021,Falcon 48 Well Plate 1500 µL,3.0,F4,0.0005,0.0005,0.7000000000000001,0.2989999999999999,0.000325,0.3217821782178218,0.000325,0.3217821782178218,0.455,576.4601545673382,0.1943499999999999,194.35,130.0,185.7142857142857,836.8280128193652,194.35,1346.8922985336508,2.323,2.04,0.358,0.116,0.079,0.067,0.059,0.054,0.048,0.045,0.043,0.042,0.042,0.041,0.041,0.04,0.04,0.04,0.039,0.039,0.039,0.039,0.039,0.039,0.039,0.039,0.039,0.04,0.04,0.039,0.039,0.039,0.039,0.039,0.038,0.038,0.038,0.038,0.038,0.038,0.038,0.038,0.039,0.04,0.042,0.041,0.042,0.042,0.041,0.041,0.041
S3_F5_06-04-2021,Falcon 48 Well Plate 1500 µL,3.0,F5,0.0005,0.0005,0.8,0.1989999999999999,0.000325,0.3217821782178218,0.000325,0.3217821782178218,0.52,658.8116052198151,0.1293499999999999,129.34999999999997,130.0,185.7142857142857,1001.3849748446814,129.34999999999997,1446.4492605589671,2.357,1.977,0.328,0.116,0.081,0.068,0.061,0.055,0.05,0.046,0.045,0.044,0.043,0.043,0.043,0.042,0.042,0.042,0.041,0.041,0.041,0.041,0.041,0.041,0.041,0.041,0.041,0.041,0.041,0.041,0.04,0.04,0.04,0.04,0.039,0.039,0.039,0.039,0.039,0.039,0.039,0.039,0.039,0.04,0.042,0.042,0.042,0.042,0.041,0.041,0.042
S3_F6_06-04-2021,Falcon 48 Well Plate 1500 µL,3.0,F6,0.00075,0.0005,0.3,0.69875,0.0004875,0.4826732673267327,0.000325,0.3217821782178218,0.195,247.05435195743067,0.4541875,454.1875,195.0,185.7142857142857,113.76105580720824,454.1875,948.662841521494,2.643,2.332,1.503,1.261,1.221,1.212,1.206,1.2,1.194,1.189,1.187,1.185,1.184,1.183,1.181,1.18,1.178,1.176,1.174,1.172,1.17,1.167,1.165,1.162,1.159,1.156,1.153,1.15,1.147,1.143,1.139,1.136,1.132,1.128,1.123,1.119,1.114,1.11,1.105,1.1,1.095,1.091,1.086,1.083,1.079,1.074,1.069,1.063,1.058,1.052,1.047
S3_F7_06-04-2021,Falcon 48 Well Plate 1500 µL,3.0,F7,0.00075,0.0005,0.4,0.59875,0.0004875,0.4826732673267327,0.000325,0.3217821782178218,0.26,329.40580260990754,0.3891875,389.1875,195.0,185.7142857142857,278.31801783252456,389.1875,1048.2198035468102,2.323,2.202,0.672,0.139,0.089,0.076,0.069,0.063,0.058,0.054,0.053,0.051,0.051,0.05,0.05,0.049,0.049,0.049,0.048,0.048,0.048,0.048,0.048,0.048,0.048,0.048,0.048,0.048,0.048,0.048,0.048,0.048,0.047,0.047,0.047,0.047,0.047,0.046,0.046,0.046,0.046,0.047,0.048,0.049,0.051,0.051,0.051,0.051,0.051,0.051,0.05
S3_F8_06-04-2021,Falcon 48 Well Plate 1500 µL,3.0,F8,0.00075,0.0005,0.5,0.49875,0.0004875,0.4826732673267327,0.000325,0.3217821782178218,0.325,411.7572532623844,0.3241875,324.1875,195.0,185.7142857142857,442.874979857841,324.1875,1147.7767655721268,2.279,2.146,0.56,0.121,0.077,0.065,0.058,0.052,0.047,0.044,0.043,0.042,0.041,0.041,0.04,0.04,0.04,0.039,0.039,0.039,0.039,0.039,0.039,0.039,0.039,0.039,0.039,0.04,0.04,0.04,0.04,0.04,0.039,0.04,0.039,0.039,0.039,0.039,0.039,0.039,0.039,0.04,0.041,0.043,0.044,0.044,0.044,0.044,0.044,0.044,0.044
S5_A1_06-04-2021,Falcon 48 Well Plate 1500 µL,5.0,A1,0.00075,0.0005,0.6,0.39875,0.0004875,0.4826732673267327,0.000325,0.3217821782178218,0.39,494.1087039148613,0.2591875,259.1875,195.0,185.7142857142857,607.4319418831575,259.1875,1247.3337275974432,2.315,1.527,0.277,0.121,0.085,0.072,0.064,0.059,0.054,0.051,0.049,0.049,0.049,0.049,0.048,0.048,0.047,0.047,0.046,0.045,0.045,0.045,0.045,0.044,0.044,0.044,0.044,0.044,0.044,0.044,0.044,0.044,0.044,0.043,0.043,0.043,0.043,0.043,0.043,0.044,0.044,0.045,0.045,0.046,0.047,0.047,0.047,0.047,0.047,0.047,0.048
S5_A2_06-04-2021,Falcon 48 Well Plate 1500 µL,5.0,A2,0.00075,0.0005,0.7000000000000001,0.2987499999999999,0.0004875,0.4826732673267327,0.000325,0.3217821782178218,0.455,576.4601545673382,0.1941874999999999,194.1875,195.0,185.7142857142857,771.9889039084742,194.1875,1346.89068962276,2.394,2.255,0.471,0.123,0.081,0.068,0.06,0.054,0.048,0.045,0.043,0.042,0.041,0.041,0.041,0.04,0.04,0.04,0.039,0.039,0.039,0.039,0.039,0.039,0.039,0.039,0.04,0.04,0.04,0.04,0.04,0.04,0.04,0.039,0.039,0.039,0.039,0.039,0.039,0.039,0.04,0.041,0.042,0.043,0.045,0.044,0.045,0.045,0.045,0.045,0.045
S5_A3_06-04-2021,Falcon 48 Well Plate 1500 µL,5.0,A3,0.00075,0.0005,0.8,0.1987499999999999,0.0004875,0.4826732673267327,0.000325,0.3217821782178218,0.52,658.8116052198151,0.1291874999999999,129.18749999999997,195.0,185.7142857142857,936.5458659337904,129.18749999999997,1446.447651648076,2.401,2.237,0.418,0.135,0.096,0.083,0.074,0.068,0.062,0.058,0.056,0.055,0.054,0.053,0.053,0.052,0.051,0.051,0.05,0.05,0.049,0.049,0.049,0.049,0.048,0.048,0.048,0.047,0.047,0.047,0.046,0.046,0.045,0.045,0.045,0.044,0.044,0.043,0.043,0.043,0.043,0.043,0.043,0.044,0.046,0.046,0.046,0.046,0.045,0.045,0.045
S5_A4_06-04-2021,Falcon 48 Well Plate 1500 µL,5.0,A4,0.001,0.0005,0.3,0.6984999999999999,0.00065,0.6435643564356436,0.000325,0.3217821782178218,0.195,247.05435195743067,0.4540249999999999,454.025,260.0,185.7142857142857,48.92194689631718,454.025,948.6612326106028,2.725,2.573,2.133,1.839,1.756,1.719,1.69,1.666,1.643,1.625,1.609,1.594,1.581,1.569,1.557,1.546,1.535,1.525,1.514,1.503,1.494,1.484,1.474,1.465,1.459,1.451,1.442,1.435,1.428,1.42,1.411,1.402,1.396,1.387,1.379,1.372,1.364,1.357,1.349,1.341,1.333,1.321,1.319,1.313,1.307,1.298,1.289,1.279,1.271,1.262,1.252
S5_A5_06-04-2021,Falcon 48 Well Plate 1500 µL,5.0,A5,0.001,0.0005,0.4,0.5985,0.00065,0.6435643564356436,0.000325,0.3217821782178218,0.26,329.40580260990754,0.389025,389.025,260.0,185.7142857142857,213.47890892163352,389.025,1048.2181946359192,2.389,1.589,0.306,0.123,0.083,0.07,0.062,0.056,0.051,0.048,0.046,0.045,0.045,0.045,0.044,0.044,0.044,0.043,0.043,0.043,0.042,0.042,0.042,0.042,0.042,0.042,0.042,0.042,0.042,0.041,0.041,0.041,0.041,0.04,0.04,0.039,0.039,0.039,0.039,0.039,0.038,0.038,0.039,0.039,0.04,0.04,0.039,0.039,0.039,0.039,0.039
S5_A6_06-04-2021,Falcon 48 Well Plate 1500 µL,5.0,A6,0.001,0.0005,0.5,0.4985,0.00065,0.6435643564356436,0.000325,0.3217821782178218,0.325,411.7572532623844,0.324025,324.0250000000001,260.0,185.7142857142857,378.03587094695,324.0250000000001,1147.7751566612358,2.436,2.304,0.745,0.162,0.093,0.075,0.065,0.057,0.051,0.047,0.045,0.044,0.043,0.043,0.042,0.042,0.041,0.041,0.041,0.041,0.041,0.041,0.04,0.041,0.041,0.041,0.041,0.041,0.041,0.04,0.04,0.04,0.04,0.04,0.04,0.039,0.039,0.039,0.039,0.039,0.039,0.04,0.04,0.042,0.044,0.044,0.044,0.044,0.043,0.043,0.043
S5_A7_06-04-2021,Falcon 48 Well Plate 1500 µL,5.0,A7,0.001,0.0005,0.6,0.3985000000000001,0.00065,0.6435643564356436,0.000325,0.3217821782178218,0.39,494.1087039148613,0.259025,259.02500000000003,260.0,185.7142857142857,542.5928329722665,259.02500000000003,1247.3321186865523,2.402,2.288,0.634,0.136,0.085,0.07,0.062,0.056,0.05,0.047,0.045,0.045,0.045,0.044,0.044,0.044,0.043,0.043,0.043,0.043,0.042,0.042,0.042,0.042,0.042,0.042,0.042,0.042,0.042,0.042,0.042,0.042,0.042,0.041,0.041,0.041,0.041,0.04,0.04,0.04,0.04,0.042,0.042,0.043,0.045,0.045,0.045,0.045,0.044,0.044,0.044
S5_A8_06-04-2021,Falcon 48 Well Plate 1500 µL,5.0,A8,0.001,0.0005,0.7000000000000001,0.2985,0.00065,0.6435643564356436,0.000325,0.3217821782178218,0.455,576.4601545673382,0.194025,194.025,260.0,185.7142857142857,707.1497949975832,194.025,1346.889080711869,2.406,2.281,0.561,0.132,0.083,0.07,0.061,0.055,0.05,0.046,0.044,0.043,0.043,0.042,0.042,0.041,0.041,0.041,0.04,0.04,0.04,0.04,0.04,0.04,0.041,0.041,0.041,0.041,0.041,0.041,0.041,0.041,0.041,0.041,0.041,0.04,0.04,0.04,0.04,0.041,0.041,0.042,0.043,0.044,0.046,0.046,0.046,0.046,0.046,0.046,0.046
S5_B1_06-04-2021,Falcon 48 Well Plate 1500 µL,5.0,B1,0.001,0.0005,0.8,0.1985,0.00065,0.6435643564356436,0.000325,0.3217821782178218,0.52,658.8116052198151,0.129025,129.025,260.0,185.7142857142857,871.7067570228993,129.025,1446.446042737185,2.367,2.04,0.336,0.115,0.078,0.067,0.059,0.054,0.048,0.045,0.043,0.042,0.042,0.041,0.041,0.041,0.041,0.041,0.041,0.041,0.04,0.04,0.04,0.04,0.04,0.04,0.04,0.039,0.039,0.039,0.039,0.039,0.039,0.038,0.038,0.038,0.037,0.037,0.037,0.037,0.037,0.037,0.037,0.038,0.039,0.039,0.039,0.039,0.038,0.038,0.039
