UID,dppc wtf,dspepeg200 wtf,pfh wtf,ethanol wtf,water wtf,Well,Labware,Slot,200nm,250nm,300nm,350nm,400nm,450nm,500nm,550nm,600nm,650nm,700nm,750nm,800nm,850nm,900nm
S2_A1_05-03-2021_Right,0.0001,3.5e-05,0.0,0.2222222222222222,0.7776427777777778,A1,Falcon 48 Well Plate 1500 µL,2,3.48,3.738,0.778,0.328,0.056,0.048,0.045,0.045,0.045,0.043,0.043,0.044,0.044,0.044,0.054
S2_A2_05-03-2021_Right,0.0001,3.5e-05,0.0,0.3333333333333333,0.6665316666666667,A2,Falcon 48 Well Plate 1500 µL,2,3.492,3.734,0.809,0.352,0.078,0.062,0.053,0.049,0.047,0.045,0.044,0.055,0.052,0.061,0.095
S2_A3_05-03-2021_Right,0.0001,3.5e-05,0.0,0.4444444444444444,0.5554205555555556,A3,Falcon 48 Well Plate 1500 µL,2,3.477,3.72,0.719,0.312,0.079,0.066,0.056,0.053,0.051,0.048,0.047,0.056,0.054,0.061,0.098
S2_A4_05-03-2021_Right,0.0001,3.5e-05,0.0,0.5555555555555556,0.4443094444444444,A4,Falcon 48 Well Plate 1500 µL,2,3.46,3.715,0.661,0.276,0.063,0.052,0.047,0.045,0.043,0.041,0.041,0.049,0.048,0.054,0.095
S2_A5_05-03-2021_Right,0.0001,3.5e-05,0.0,0.6666666666666666,0.3331983333333334,A5,Falcon 48 Well Plate 1500 µL,2,3.459,3.716,0.653,0.267,0.054,0.046,0.042,0.044,0.043,0.04,0.039,0.048,0.048,0.054,0.097
S2_A6_05-03-2021_Right,0.0001,3.5e-05,0.0,0.7777777777777777,0.2220872222222223,A6,Falcon 48 Well Plate 1500 µL,2,3.45,3.701,0.627,0.254,0.048,0.041,0.038,0.039,0.038,0.036,0.036,0.044,0.044,0.048,0.094
S2_A7_05-03-2021_Right,0.0001,3.5e-05,0.0,0.8888888888888888,0.1109761111111111,A7,Falcon 48 Well Plate 1500 µL,2,3.467,3.729,0.702,0.288,0.049,0.04,0.038,0.038,0.038,0.037,0.036,0.042,0.042,0.043,0.088
S2_A8_05-03-2021_Right,0.0001,3.5e-05,0.0001111111111111,0.2222222222222222,0.7775316666666667,A8,Falcon 48 Well Plate 1500 µL,2,3.471,3.741,0.699,0.289,0.049,0.041,0.038,0.038,0.037,0.036,0.035,0.036,0.036,0.037,0.048
S2_B1_05-03-2021_Right,0.0001,3.5e-05,0.0001111111111111,0.3333333333333333,0.6664205555555556,B1,Falcon 48 Well Plate 1500 µL,2,30,30,1.768,1.314,1.04,1.019,1.003,0.994,0.987,0.978,0.973,0.978,0.967,0.965,0.99
S2_B2_05-03-2021_Right,0.0001,3.5e-05,0.0001111111111111,0.4444444444444444,0.5553094444444444,B2,Falcon 48 Well Plate 1500 µL,2,3.473,3.726,0.701,0.299,0.07,0.058,0.051,0.047,0.045,0.044,0.044,0.054,0.052,0.059,0.095
S2_B3_05-03-2021_Right,0.0001,3.5e-05,0.0001111111111111,0.5555555555555556,0.4441983333333333,B3,Falcon 48 Well Plate 1500 µL,2,3.47,3.725,0.703,0.292,0.066,0.054,0.05,0.046,0.046,0.046,0.044,0.052,0.049,0.055,0.096
S2_B4_05-03-2021_Right,0.0001,3.5e-05,0.0001111111111111,0.6666666666666666,0.3330872222222223,B4,Falcon 48 Well Plate 1500 µL,2,3.434,3.682,0.567,0.226,0.049,0.043,0.038,0.04,0.04,0.037,0.037,0.046,0.046,0.052,0.096
S2_B5_05-03-2021_Right,0.0001,3.5e-05,0.0001111111111111,0.7777777777777777,0.2219761111111112,B5,Falcon 48 Well Plate 1500 µL,2,3.426,3.652,0.558,0.223,0.053,0.045,0.042,0.042,0.041,0.041,0.04,0.047,0.046,0.05,0.095
S2_B6_05-03-2021_Right,0.0001,3.5e-05,0.0001111111111111,0.8888888888888888,0.1108650000000001,B6,Falcon 48 Well Plate 1500 µL,2,3.444,3.698,0.607,0.247,0.05,0.043,0.041,0.04,0.039,0.04,0.04,0.045,0.043,0.045,0.093
S2_B7_05-03-2021_Right,0.0001,3.5e-05,0.0002222222222222,0.2222222222222222,0.7774205555555556,B7,Falcon 48 Well Plate 1500 µL,2,3.455,3.74,0.625,0.251,0.049,0.042,0.041,0.038,0.037,0.037,0.038,0.041,0.04,0.04,0.05
S2_B8_05-03-2021_Right,0.0001,3.5e-05,0.0002222222222222,0.3333333333333333,0.6663094444444444,B8,Falcon 48 Well Plate 1500 µL,2,30,30,1.467,1.033,0.79,0.783,0.777,0.771,0.764,0.755,0.75,0.756,0.746,0.747,0.775
S2_C1_05-03-2021_Right,0.0001,3.5e-05,0.0002222222222222,0.4444444444444444,0.5551983333333333,C1,Falcon 48 Well Plate 1500 µL,2,3.483,3.732,0.708,0.305,0.075,0.06,0.054,0.051,0.05,0.049,0.048,0.059,0.057,0.064,0.1
S2_C2_05-03-2021_Right,0.0001,3.5e-05,0.0002222222222222,0.5555555555555556,0.4440872222222222,C2,Falcon 48 Well Plate 1500 µL,2,3.469,3.725,0.682,0.284,0.065,0.054,0.047,0.046,0.046,0.045,0.045,0.054,0.051,0.055,0.095
S2_C3_05-03-2021_Right,0.0001,3.5e-05,0.0002222222222222,0.6666666666666666,0.3329761111111111,C3,Falcon 48 Well Plate 1500 µL,2,3.45,3.7,0.598,0.245,0.052,0.044,0.042,0.039,0.042,0.042,0.04,0.047,0.045,0.052,0.095
S2_C4_05-03-2021_Right,0.0001,3.5e-05,0.0002222222222222,0.7777777777777777,0.2218650000000001,C4,Falcon 48 Well Plate 1500 µL,2,3.446,3.697,0.594,0.237,0.049,0.042,0.038,0.039,0.038,0.036,0.037,0.046,0.044,0.046,0.091
S2_C5_05-03-2021_Right,0.0001,3.5e-05,0.0002222222222222,0.8888888888888888,0.1107538888888889,C5,Falcon 48 Well Plate 1500 µL,2,3.436,3.686,0.571,0.226,0.048,0.04,0.037,0.037,0.036,0.036,0.035,0.041,0.04,0.042,0.088
S2_C6_05-03-2021_Right,0.0001,3.5e-05,0.0003333333333333,0.2222222222222222,0.7773094444444445,C6,Falcon 48 Well Plate 1500 µL,2,3.45,3.716,0.598,0.242,0.051,0.043,0.042,0.04,0.039,0.039,0.039,0.039,0.038,0.038,0.049
S2_C7_05-03-2021_Right,0.0001,3.5e-05,0.0003333333333333,0.3333333333333333,0.6661983333333333,C7,Falcon 48 Well Plate 1500 µL,2,3.472,3.704,0.678,0.292,0.085,0.071,0.06,0.056,0.054,0.052,0.051,0.062,0.059,0.068,0.103
S2_C8_05-03-2021_Right,0.0001,3.5e-05,0.0003333333333333,0.4444444444444444,0.5550872222222223,C8,Falcon 48 Well Plate 1500 µL,2,3.481,3.719,0.698,0.297,0.078,0.063,0.056,0.052,0.05,0.047,0.046,0.056,0.054,0.061,0.097
S2_D1_05-03-2021_Right,0.0001,3.5e-05,0.0003333333333333,0.5555555555555556,0.4439761111111111,D1,Falcon 48 Well Plate 1500 µL,2,3.483,3.733,0.731,0.308,0.065,0.053,0.05,0.048,0.046,0.043,0.042,0.05,0.048,0.054,0.093
S2_D2_05-03-2021_Right,0.0001,3.5e-05,0.0003333333333333,0.6666666666666666,0.3328650000000001,D2,Falcon 48 Well Plate 1500 µL,2,3.46,3.705,0.628,0.255,0.05,0.041,0.041,0.038,0.039,0.041,0.04,0.046,0.044,0.049,0.093
S2_D3_05-03-2021_Right,0.0001,3.5e-05,0.0003333333333333,0.7777777777777777,0.221753888888889,D3,Falcon 48 Well Plate 1500 µL,2,3.455,3.707,0.621,0.249,0.049,0.043,0.039,0.039,0.04,0.039,0.037,0.044,0.044,0.049,0.096
S2_D4_05-03-2021_Right,0.0001,3.5e-05,0.0003333333333333,0.8888888888888888,0.1106427777777778,D4,Falcon 48 Well Plate 1500 µL,2,3.449,3.691,0.583,0.235,0.049,0.042,0.038,0.039,0.039,0.037,0.036,0.042,0.042,0.045,0.091
S2_D5_05-03-2021_Right,0.0001,3.5e-05,0.0004444444444444,0.3333333333333333,0.6660872222222223,D5,Falcon 48 Well Plate 1500 µL,2,3.476,3.693,0.696,0.291,0.08,0.064,0.055,0.051,0.048,0.045,0.044,0.056,0.053,0.062,0.096
S2_D6_05-03-2021_Right,0.0001,3.5e-05,0.0004444444444444,0.4444444444444444,0.5549761111111111,D6,Falcon 48 Well Plate 1500 µL,2,3.475,3.703,0.657,0.278,0.075,0.061,0.054,0.051,0.049,0.045,0.044,0.053,0.05,0.058,0.095
S2_D7_05-03-2021_Right,0.0001,3.5e-05,0.0004444444444444,0.5555555555555556,0.4438649999999999,D7,Falcon 48 Well Plate 1500 µL,2,3.468,3.723,0.629,0.267,0.069,0.056,0.051,0.048,0.045,0.043,0.043,0.052,0.05,0.056,0.088
S2_D8_05-03-2021_Right,0.0001,3.5e-05,0.0004444444444444,0.6666666666666666,0.3327538888888889,D8,Falcon 48 Well Plate 1500 µL,2,3.464,3.713,0.648,0.263,0.055,0.045,0.041,0.041,0.04,0.038,0.038,0.045,0.043,0.048,0.083
S2_E1_05-03-2021_Right,0.0001,3.5e-05,0.0004444444444444,0.7777777777777777,0.2216427777777778,E1,Falcon 48 Well Plate 1500 µL,2,3.469,3.727,0.674,0.275,0.051,0.042,0.039,0.04,0.041,0.04,0.038,0.044,0.042,0.045,0.082
S2_E2_05-03-2021_Right,0.0001,3.5e-05,0.0004444444444444,0.8888888888888888,0.1105316666666667,E2,Falcon 48 Well Plate 1500 µL,2,3.463,3.72,0.665,0.269,0.05,0.044,0.04,0.038,0.039,0.039,0.04,0.046,0.044,0.044,0.081
S2_E3_05-03-2021_Right,0.0001,3.5e-05,0.0005555555555555,0.3333333333333333,0.6659761111111111,E3,Falcon 48 Well Plate 1500 µL,2,3.488,3.746,0.717,0.303,0.076,0.062,0.053,0.048,0.047,0.046,0.046,0.057,0.052,0.06,0.083
S2_E4_05-03-2021_Right,0.0001,3.5e-05,0.0005555555555555,0.4444444444444444,0.5548649999999999,E4,Falcon 48 Well Plate 1500 µL,2,3.482,3.728,0.685,0.291,0.079,0.064,0.055,0.05,0.048,0.046,0.045,0.054,0.051,0.057,0.085
S2_E5_05-03-2021_Right,0.0001,3.5e-05,0.0005555555555555,0.5555555555555556,0.4437538888888889,E5,Falcon 48 Well Plate 1500 µL,2,3.478,3.718,0.645,0.27,0.071,0.058,0.051,0.048,0.046,0.044,0.043,0.05,0.048,0.053,0.084
S2_E6_05-03-2021_Right,0.0001,3.5e-05,0.0005555555555555,0.6666666666666666,0.3326427777777778,E6,Falcon 48 Well Plate 1500 µL,2,3.471,3.728,0.653,0.267,0.059,0.049,0.044,0.043,0.042,0.04,0.04,0.047,0.045,0.049,0.083
S2_E7_05-03-2021_Right,0.0001,3.5e-05,0.0005555555555555,0.7777777777777777,0.2215316666666668,E7,Falcon 48 Well Plate 1500 µL,2,3.461,3.706,0.623,0.249,0.049,0.041,0.038,0.039,0.039,0.038,0.038,0.044,0.043,0.045,0.081
S2_E8_05-03-2021_Right,0.0001,3.5e-05,0.0005555555555555,0.8888888888888888,0.1104205555555556,E8,Falcon 48 Well Plate 1500 µL,2,3.465,3.715,0.66,0.265,0.049,0.041,0.038,0.038,0.037,0.036,0.036,0.041,0.041,0.042,0.078
S2_F1_05-03-2021_Right,0.0001,3.5e-05,0.0006666666666666,0.3333333333333333,0.665865,F1,Falcon 48 Well Plate 1500 µL,2,3.477,3.723,0.664,0.283,0.071,0.058,0.049,0.046,0.045,0.043,0.043,0.055,0.052,0.062,0.084
S2_F2_05-03-2021_Right,0.0001,3.5e-05,0.0006666666666666,0.4444444444444444,0.554753888888889,F2,Falcon 48 Well Plate 1500 µL,2,3.494,3.748,0.745,0.318,0.079,0.064,0.057,0.052,0.049,0.046,0.044,0.053,0.051,0.059,0.085
S2_F3_05-03-2021_Right,0.0001,3.5e-05,0.0006666666666666,0.5555555555555556,0.4436427777777777,F3,Falcon 48 Well Plate 1500 µL,2,3.49,3.747,0.727,0.308,0.075,0.061,0.055,0.052,0.051,0.048,0.047,0.055,0.052,0.057,0.085
S2_F4_05-03-2021_Right,0.0001,3.5e-05,0.0006666666666666,0.6666666666666666,0.3325316666666666,F4,Falcon 48 Well Plate 1500 µL,2,3.479,3.727,0.695,0.288,0.064,0.053,0.047,0.045,0.044,0.042,0.041,0.047,0.045,0.049,0.08
S2_F5_05-03-2021_Right,0.0001,3.5e-05,0.0006666666666666,0.7777777777777777,0.2214205555555556,F5,Falcon 48 Well Plate 1500 µL,2,3.464,3.721,0.65,0.259,0.05,0.043,0.04,0.04,0.04,0.038,0.038,0.044,0.043,0.046,0.08
S2_F6_05-03-2021_Right,0.0001,3.5e-05,0.0006666666666666,0.8888888888888888,0.1103094444444444,F6,Falcon 48 Well Plate 1500 µL,2,3.459,3.723,0.63,0.252,0.049,0.041,0.039,0.038,0.038,0.037,0.037,0.041,0.04,0.042,0.076
S2_F7_05-03-2021_Right,0.0001,3.5e-05,0.0007777777777777,0.3333333333333333,0.665753888888889,F7,Falcon 48 Well Plate 1500 µL,2,3.475,3.712,0.667,0.276,0.066,0.053,0.047,0.044,0.043,0.041,0.04,0.05,0.047,0.056,0.075
S2_F8_05-03-2021_Right,0.0001,3.5e-05,0.0007777777777777,0.4444444444444444,0.5546427777777778,F8,Falcon 48 Well Plate 1500 µL,2,3.488,3.72,0.708,0.303,0.083,0.068,0.061,0.056,0.053,0.049,0.047,0.056,0.053,0.06,0.096
S3_A1_05-03-2021_Right,0.0001,3.5e-05,0.0007777777777777,0.5555555555555556,0.4435316666666666,A1,Falcon 48 Well Plate 1500 µL,3,3.493,3.758,0.793,0.334,0.066,0.055,0.05,0.049,0.048,0.046,0.045,0.055,0.053,0.059,0.098
S3_A2_05-03-2021_Right,0.0001,3.5e-05,0.0007777777777777,0.6666666666666666,0.3324205555555556,A2,Falcon 48 Well Plate 1500 µL,3,3.481,3.739,0.763,0.313,0.051,0.041,0.038,0.038,0.038,0.037,0.037,0.046,0.045,0.05,0.094
S3_A3_05-03-2021_Right,0.0001,3.5e-05,0.0007777777777777,0.7777777777777777,0.2213094444444445,A3,Falcon 48 Well Plate 1500 µL,3,3.472,3.739,0.786,0.325,0.052,0.042,0.04,0.039,0.038,0.037,0.036,0.044,0.043,0.046,0.091
S3_A4_05-03-2021_Right,0.0001,3.5e-05,0.0007777777777777,0.8888888888888888,0.1101983333333334,A4,Falcon 48 Well Plate 1500 µL,3,3.467,3.73,0.734,0.299,0.051,0.042,0.04,0.039,0.038,0.036,0.036,0.042,0.042,0.044,0.09
S3_A5_05-03-2021_Right,0.0001,3.5e-05,0.0008888888888888,0.4444444444444444,0.5545316666666666,A5,Falcon 48 Well Plate 1500 µL,3,3.474,3.734,0.72,0.302,0.078,0.063,0.058,0.052,0.049,0.046,0.047,0.058,0.056,0.063,0.098
S3_A6_05-03-2021_Right,0.0001,3.5e-05,0.0008888888888888,0.5555555555555556,0.4434205555555555,A6,Falcon 48 Well Plate 1500 µL,3,3.477,3.733,0.755,0.311,0.066,0.054,0.048,0.047,0.046,0.044,0.044,0.053,0.05,0.055,0.095
S3_A7_05-03-2021_Right,0.0001,3.5e-05,0.0008888888888888,0.6666666666666666,0.3323094444444444,A7,Falcon 48 Well Plate 1500 µL,3,3.477,3.743,0.776,0.316,0.052,0.043,0.04,0.039,0.038,0.037,0.037,0.045,0.044,0.049,0.09
S3_A8_05-03-2021_Right,0.0001,3.5e-05,0.0008888888888888,0.7777777777777777,0.2211983333333333,A8,Falcon 48 Well Plate 1500 µL,3,3.49,3.759,0.807,0.331,0.056,0.045,0.041,0.04,0.04,0.038,0.037,0.043,0.042,0.045,0.076
S3_B1_05-03-2021_Right,0.0001,3.5e-05,0.0008888888888888,0.8888888888888888,0.1100872222222222,B1,Falcon 48 Well Plate 1500 µL,3,3.477,3.752,0.781,0.322,0.051,0.043,0.04,0.039,0.039,0.038,0.037,0.043,0.043,0.044,0.089
S3_B2_05-03-2021_Right,0.0001,3.5e-05,0.001,0.4444444444444444,0.5544205555555556,B2,Falcon 48 Well Plate 1500 µL,3,3.487,3.743,0.789,0.335,0.076,0.061,0.055,0.052,0.05,0.047,0.045,0.054,0.051,0.058,0.094
S3_B3_05-03-2021_Right,0.0001,3.5e-05,0.001,0.5555555555555556,0.4433094444444444,B3,Falcon 48 Well Plate 1500 µL,3,3.473,3.737,0.727,0.302,0.07,0.056,0.052,0.05,0.046,0.043,0.043,0.054,0.053,0.059,0.096
S3_B4_05-03-2021_Right,0.0001,3.5e-05,0.001,0.6666666666666666,0.3321983333333334,B4,Falcon 48 Well Plate 1500 µL,3,3.458,3.72,0.696,0.277,0.052,0.042,0.041,0.041,0.038,0.037,0.038,0.049,0.048,0.053,0.095
S3_B5_05-03-2021_Right,0.0001,3.5e-05,0.001,0.7777777777777777,0.2210872222222223,B5,Falcon 48 Well Plate 1500 µL,3,3.457,3.729,0.684,0.273,0.051,0.041,0.038,0.038,0.038,0.036,0.036,0.043,0.042,0.046,0.086
S3_B6_05-03-2021_Right,0.0001,3.5e-05,0.001,0.8888888888888888,0.1099761111111111,B6,Falcon 48 Well Plate 1500 µL,3,3.459,3.721,0.679,0.276,0.051,0.042,0.041,0.04,0.037,0.037,0.038,0.046,0.046,0.048,0.089
S3_B7_05-03-2021_Right,0.0,0.0,0.0,0.2223572222222222,0.7776427777777778,B7,Falcon 48 Well Plate 1500 µL,3,3.462,3.736,0.684,0.275,0.052,0.042,0.041,0.042,0.041,0.039,0.037,0.037,0.037,0.037,0.049
S3_B8_05-03-2021_Right,0.0,0.0,0.0,0.3334683333333333,0.6665316666666667,B8,Falcon 48 Well Plate 1500 µL,3,3.461,3.666,0.711,0.289,0.053,0.046,0.044,0.043,0.044,0.043,0.043,0.056,0.053,0.062,0.096
S3_C1_05-03-2021_Right,0.0,0.0,0.0,0.4445794444444444,0.5554205555555556,C1,Falcon 48 Well Plate 1500 µL,3,3.477,3.739,0.786,0.323,0.051,0.042,0.04,0.041,0.041,0.041,0.041,0.052,0.05,0.058,0.094
S3_C2_05-03-2021_Right,0.0,0.0,0.0,0.5556905555555556,0.4443094444444444,C2,Falcon 48 Well Plate 1500 µL,3,3.472,3.734,0.74,0.3,0.053,0.043,0.041,0.043,0.042,0.041,0.04,0.048,0.046,0.052,0.092
S3_C3_05-03-2021_Right,0.0,0.0,0.0,0.6668016666666666,0.3331983333333334,C3,Falcon 48 Well Plate 1500 µL,3,3.461,3.717,0.677,0.272,0.051,0.045,0.041,0.039,0.04,0.041,0.042,0.051,0.049,0.052,0.094
S3_C4_05-03-2021_Right,0.0,0.0,0.0,0.7779127777777777,0.2220872222222223,C4,Falcon 48 Well Plate 1500 µL,3,3.473,3.727,0.721,0.286,0.052,0.043,0.039,0.039,0.04,0.038,0.037,0.043,0.044,0.048,0.092
S3_C5_05-03-2021_Right,0.0,0.0,0.0,0.8890238888888888,0.1109761111111111,C5,Falcon 48 Well Plate 1500 µL,3,3.468,3.74,0.704,0.28,0.05,0.041,0.037,0.037,0.036,0.035,0.034,0.035,0.035,0.036,0.039
S3_C6_05-03-2021_Right,0.0,0.0,0.0,0.2224683333333333,0.7775316666666667,C6,Falcon 48 Well Plate 1500 µL,3,3.466,3.748,0.706,0.284,0.051,0.042,0.04,0.039,0.037,0.036,0.036,0.038,0.038,0.038,0.049
S3_C7_05-03-2021_Right,0.0,0.0,0.0,0.3335794444444444,0.6664205555555556,C7,Falcon 48 Well Plate 1500 µL,3,3.463,3.703,0.685,0.274,0.05,0.04,0.039,0.039,0.038,0.037,0.037,0.049,0.048,0.057,0.092
S3_C8_05-03-2021_Right,0.0,0.0,0.0,0.4446905555555555,0.5553094444444444,C8,Falcon 48 Well Plate 1500 µL,3,3.465,3.725,0.709,0.285,0.051,0.041,0.039,0.039,0.039,0.039,0.039,0.05,0.048,0.055,0.091
S3_D1_05-03-2021_Right,0.0,0.0,0.0,0.5558016666666666,0.4441983333333333,D1,Falcon 48 Well Plate 1500 µL,3,3.482,3.739,0.755,0.311,0.051,0.043,0.038,0.038,0.038,0.037,0.038,0.049,0.048,0.054,0.094
S3_D2_05-03-2021_Right,0.0,0.0,0.0,0.6669127777777777,0.3330872222222223,D2,Falcon 48 Well Plate 1500 µL,3,3.464,3.729,0.695,0.282,0.051,0.042,0.039,0.041,0.041,0.04,0.038,0.046,0.044,0.048,0.091
S3_D3_05-03-2021_Right,0.0,0.0,0.0,0.7780238888888887,0.2219761111111112,D3,Falcon 48 Well Plate 1500 µL,3,3.465,3.717,0.686,0.275,0.05,0.044,0.039,0.038,0.04,0.04,0.04,0.047,0.045,0.047,0.09
S3_D4_05-03-2021_Right,0.0,0.0,0.0,0.8891349999999999,0.1108650000000001,D4,Falcon 48 Well Plate 1500 µL,3,3.47,3.731,0.713,0.284,0.05,0.041,0.039,0.038,0.037,0.035,0.035,0.038,0.037,0.039,0.041
S3_D5_05-03-2021_Right,0.0,0.0,0.0,0.2225794444444444,0.7774205555555556,D5,Falcon 48 Well Plate 1500 µL,3,3.471,3.755,0.682,0.271,0.05,0.041,0.038,0.038,0.037,0.036,0.035,0.036,0.036,0.036,0.047
S3_D6_05-03-2021_Right,0.0,0.0,0.0,0.3336905555555555,0.6663094444444444,D6,Falcon 48 Well Plate 1500 µL,3,3.466,3.718,0.709,0.285,0.05,0.041,0.038,0.037,0.038,0.037,0.038,0.049,0.047,0.056,0.088
S3_D7_05-03-2021_Right,0.0,0.0,0.0,0.4448016666666666,0.5551983333333333,D7,Falcon 48 Well Plate 1500 µL,3,3.477,3.73,0.744,0.302,0.051,0.041,0.039,0.039,0.039,0.038,0.038,0.048,0.046,0.053,0.089
S3_D8_05-03-2021_Right,0.0,0.0,0.0,0.5559127777777778,0.4440872222222222,D8,Falcon 48 Well Plate 1500 µL,3,3.474,3.744,0.748,0.302,0.051,0.042,0.038,0.038,0.038,0.037,0.037,0.046,0.045,0.051,0.09
S3_E1_05-03-2021_Right,0.0,0.0,0.0,0.6670238888888889,0.3329761111111111,E1,Falcon 48 Well Plate 1500 µL,3,3.475,3.729,0.736,0.298,0.051,0.044,0.039,0.038,0.038,0.037,0.037,0.046,0.045,0.05,0.092
S3_E2_05-03-2021_Right,0.0,0.0,0.0,0.7781349999999999,0.2218650000000001,E2,Falcon 48 Well Plate 1500 µL,3,3.478,3.725,0.708,0.285,0.051,0.043,0.042,0.041,0.039,0.037,0.036,0.043,0.043,0.047,0.091
S3_E3_05-03-2021_Right,0.0,0.0,0.0,0.8892461111111111,0.1107538888888889,E3,Falcon 48 Well Plate 1500 µL,3,3.471,3.729,0.654,0.267,0.055,0.047,0.046,0.045,0.044,0.041,0.04,0.041,0.041,0.043,0.046
S3_E4_05-03-2021_Right,0.0,0.0,0.0,0.2226905555555555,0.7773094444444445,E4,Falcon 48 Well Plate 1500 µL,3,3.47,3.747,0.668,0.269,0.051,0.043,0.04,0.04,0.04,0.038,0.037,0.038,0.037,0.037,0.049
S3_E5_05-03-2021_Right,0.0,0.0,0.0,0.3338016666666666,0.6661983333333333,E5,Falcon 48 Well Plate 1500 µL,3,3.46,3.703,0.693,0.276,0.05,0.04,0.037,0.037,0.037,0.036,0.037,0.048,0.046,0.055,0.089
S3_E6_05-03-2021_Right,0.0,0.0,0.0,0.4449127777777777,0.5550872222222223,E6,Falcon 48 Well Plate 1500 µL,3,3.474,3.719,0.724,0.292,0.051,0.042,0.038,0.038,0.038,0.037,0.037,0.047,0.045,0.052,0.089
S3_E7_05-03-2021_Right,0.0,0.0,0.0,0.5560238888888889,0.4439761111111111,E7,Falcon 48 Well Plate 1500 µL,3,3.472,3.741,0.72,0.293,0.05,0.042,0.039,0.038,0.038,0.036,0.037,0.045,0.044,0.05,0.089
S3_E8_05-03-2021_Right,0.0,0.0,0.0,0.6671349999999999,0.3328650000000001,E8,Falcon 48 Well Plate 1500 µL,3,3.465,3.728,0.713,0.286,0.051,0.042,0.038,0.038,0.037,0.036,0.036,0.044,0.043,0.047,0.088
S3_F1_05-03-2021_Right,0.0,0.0,0.0,0.778246111111111,0.221753888888889,F1,Falcon 48 Well Plate 1500 µL,3,3.477,3.737,0.708,0.288,0.054,0.044,0.042,0.043,0.043,0.043,0.043,0.052,0.051,0.054,0.096
S3_F2_05-03-2021_Right,0.0,0.0,0.0,0.8893572222222221,0.1106427777777778,F2,Falcon 48 Well Plate 1500 µL,3,3.462,3.725,0.669,0.27,0.05,0.043,0.039,0.038,0.037,0.035,0.035,0.038,0.038,0.04,0.043
S3_F3_05-03-2021_Right,0.0,0.0,0.0,0.3339127777777778,0.6660872222222223,F3,Falcon 48 Well Plate 1500 µL,3,3.465,3.698,0.694,0.277,0.05,0.043,0.041,0.041,0.041,0.041,0.041,0.053,0.051,0.059,0.092
S3_F4_05-03-2021_Right,0.0,0.0,0.0,0.4450238888888889,0.5549761111111111,F4,Falcon 48 Well Plate 1500 µL,3,3.474,3.713,0.73,0.294,0.053,0.044,0.041,0.041,0.041,0.04,0.04,0.05,0.049,0.056,0.092
S3_F5_05-03-2021_Right,0.0,0.0,0.0,0.556135,0.4438649999999999,F5,Falcon 48 Well Plate 1500 µL,3,3.473,3.716,0.728,0.291,0.055,0.047,0.043,0.043,0.043,0.042,0.042,0.051,0.049,0.054,0.094
S3_F6_05-03-2021_Right,0.0,0.0,0.0,0.6672461111111111,0.3327538888888889,F6,Falcon 48 Well Plate 1500 µL,3,3.463,3.711,0.676,0.271,0.051,0.043,0.04,0.04,0.039,0.038,0.038,0.046,0.045,0.049,0.09
S3_F7_05-03-2021_Right,0.0,0.0,0.0,0.7783572222222221,0.2216427777777778,F7,Falcon 48 Well Plate 1500 µL,3,3.473,3.732,0.726,0.292,0.051,0.041,0.038,0.037,0.037,0.036,0.036,0.043,0.042,0.045,0.087
S3_F8_05-03-2021_Right,0.0,0.0,0.0,0.8894683333333333,0.1105316666666667,F8,Falcon 48 Well Plate 1500 µL,3,3.475,3.762,0.754,0.308,0.05,0.041,0.038,0.038,0.038,0.036,0.036,0.038,0.037,0.039,0.041
S5_A1_05-03-2021_Right,0.0,0.0,0.0,0.3340238888888889,0.6659761111111111,A1,Falcon 48 Well Plate 1500 µL,5,3.493,3.713,0.784,0.332,0.058,0.05,0.047,0.047,0.047,0.047,0.047,0.059,0.057,0.065,0.096
S5_A2_05-03-2021_Right,0.0,0.0,0.0,0.445135,0.5548649999999999,A2,Falcon 48 Well Plate 1500 µL,5,3.482,3.737,0.752,0.314,0.05,0.042,0.038,0.038,0.038,0.037,0.037,0.048,0.046,0.053,0.087
S5_A3_05-03-2021_Right,0.0,0.0,0.0,0.5562461111111111,0.4437538888888889,A3,Falcon 48 Well Plate 1500 µL,5,3.461,3.721,0.67,0.279,0.053,0.045,0.041,0.041,0.041,0.039,0.039,0.048,0.046,0.052,0.091
S5_A4_05-03-2021_Right,0.0,0.0,0.0,0.6673572222222222,0.3326427777777778,A4,Falcon 48 Well Plate 1500 µL,5,3.456,3.706,0.64,0.262,0.051,0.043,0.04,0.04,0.039,0.038,0.038,0.046,0.045,0.05,0.092
S5_A5_05-03-2021_Right,0.0,0.0,0.0,0.7784683333333332,0.2215316666666668,A5,Falcon 48 Well Plate 1500 µL,5,3.455,3.711,0.648,0.264,0.049,0.043,0.038,0.041,0.04,0.037,0.036,0.044,0.044,0.049,0.093
S5_A6_05-03-2021_Right,0.0,0.0,0.0,0.8895794444444444,0.1104205555555556,A6,Falcon 48 Well Plate 1500 µL,5,3.449,3.718,0.625,0.255,0.048,0.04,0.037,0.038,0.037,0.035,0.034,0.036,0.036,0.038,0.041
S5_A7_05-03-2021_Right,0.0,0.0,0.0,0.3341349999999999,0.665865,A7,Falcon 48 Well Plate 1500 µL,5,3.46,3.704,0.708,0.293,0.05,0.04,0.038,0.038,0.038,0.037,0.038,0.049,0.047,0.056,0.089
S5_A8_05-03-2021_Right,0.0,0.0,0.0,0.445246111111111,0.554753888888889,A8,Falcon 48 Well Plate 1500 µL,5,3.471,3.722,0.706,0.294,0.051,0.042,0.04,0.039,0.04,0.038,0.039,0.05,0.048,0.056,0.091
S5_B1_05-03-2021_Right,0.0,0.0,0.0,0.5563572222222223,0.4436427777777777,B1,Falcon 48 Well Plate 1500 µL,5,3.482,3.727,0.748,0.311,0.05,0.042,0.039,0.039,0.038,0.038,0.038,0.047,0.045,0.052,0.089
S5_B2_05-03-2021_Right,0.0,0.0,0.0,0.6674683333333333,0.3325316666666666,B2,Falcon 48 Well Plate 1500 µL,5,3.466,3.721,0.661,0.272,0.05,0.042,0.039,0.038,0.038,0.037,0.038,0.047,0.046,0.051,0.092
S5_B3_05-03-2021_Right,0.0,0.0,0.0,0.7785794444444444,0.2214205555555556,B3,Falcon 48 Well Plate 1500 µL,5,3.461,3.725,0.675,0.274,0.05,0.042,0.04,0.038,0.039,0.04,0.039,0.045,0.043,0.046,0.09
S5_B4_05-03-2021_Right,0.0,0.0,0.0,0.8896905555555555,0.1103094444444444,B4,Falcon 48 Well Plate 1500 µL,5,3.444,3.693,0.562,0.226,0.049,0.043,0.038,0.04,0.04,0.037,0.035,0.038,0.038,0.041,0.044
S5_B5_05-03-2021_Right,0.0,0.0,0.0,0.3342461111111111,0.665753888888889,B5,Falcon 48 Well Plate 1500 µL,5,3.435,3.667,0.551,0.219,0.048,0.04,0.037,0.037,0.037,0.036,0.037,0.048,0.046,0.055,0.087
S5_B6_05-03-2021_Right,0.0,0.0,0.0,0.4453572222222222,0.5546427777777778,B6,Falcon 48 Well Plate 1500 µL,5,3.449,3.692,0.608,0.246,0.049,0.041,0.04,0.038,0.038,0.039,0.04,0.049,0.046,0.054,0.092
S5_B7_05-03-2021_Right,0.0,0.0,0.0,0.5564683333333333,0.4435316666666666,B7,Falcon 48 Well Plate 1500 µL,5,3.457,3.702,0.633,0.255,0.05,0.043,0.042,0.039,0.039,0.039,0.041,0.053,0.051,0.056,0.093
S5_B8_05-03-2021_Right,0.0,0.0,0.0,0.6675794444444444,0.3324205555555556,B8,Falcon 48 Well Plate 1500 µL,5,3.467,3.715,0.691,0.284,0.049,0.042,0.04,0.041,0.041,0.04,0.04,0.049,0.048,0.052,0.093
S5_C1_05-03-2021_Right,0.0,0.0,0.0,0.7786905555555554,0.2213094444444445,C1,Falcon 48 Well Plate 1500 µL,5,3.469,3.724,0.667,0.28,0.055,0.046,0.044,0.045,0.046,0.045,0.046,0.054,0.053,0.057,0.099
S5_C2_05-03-2021_Right,0.0,0.0,0.0,0.8898016666666666,0.1101983333333334,C2,Falcon 48 Well Plate 1500 µL,5,3.464,3.722,0.652,0.266,0.051,0.044,0.039,0.04,0.041,0.04,0.039,0.041,0.04,0.04,0.042
S5_C3_05-03-2021_Right,0.0,0.0,0.0,0.4454683333333333,0.5545316666666666,C3,Falcon 48 Well Plate 1500 µL,5,3.448,3.689,0.593,0.241,0.049,0.042,0.04,0.038,0.041,0.041,0.039,0.048,0.047,0.056,0.092
S5_C4_05-03-2021_Right,0.0,0.0,0.0,0.5565794444444445,0.4434205555555555,C4,Falcon 48 Well Plate 1500 µL,5,3.446,3.696,0.596,0.239,0.049,0.042,0.038,0.039,0.038,0.037,0.038,0.049,0.046,0.051,0.09
S5_C5_05-03-2021_Right,0.0,0.0,0.0,0.6676905555555556,0.3323094444444444,C5,Falcon 48 Well Plate 1500 µL,5,3.446,3.694,0.57,0.227,0.048,0.04,0.037,0.037,0.037,0.036,0.036,0.044,0.043,0.048,0.089
S5_C6_05-03-2021_Right,0.0,0.0,0.0,0.7788016666666666,0.2211983333333333,C6,Falcon 48 Well Plate 1500 µL,5,3.45,3.699,0.601,0.242,0.048,0.04,0.039,0.037,0.037,0.037,0.038,0.044,0.043,0.045,0.089
S5_C7_05-03-2021_Right,0.0,0.0,0.0,0.8899127777777778,0.1100872222222222,C7,Falcon 48 Well Plate 1500 µL,5,3.449,3.712,0.602,0.241,0.048,0.042,0.037,0.036,0.036,0.035,0.034,0.036,0.035,0.037,0.04
S5_C8_05-03-2021_Right,0.0,0.0,0.0,0.4455794444444444,0.5544205555555556,C8,Falcon 48 Well Plate 1500 µL,5,3.459,3.698,0.641,0.259,0.049,0.04,0.037,0.037,0.038,0.037,0.038,0.049,0.047,0.055,0.09
S5_D1_05-03-2021_Right,0.0,0.0,0.0,0.5566905555555556,0.4433094444444444,D1,Falcon 48 Well Plate 1500 µL,5,3.474,3.726,0.707,0.29,0.051,0.042,0.041,0.041,0.04,0.038,0.037,0.046,0.045,0.051,0.089
S5_D2_05-03-2021_Right,0.0,0.0,0.0,0.6678016666666666,0.3321983333333334,D2,Falcon 48 Well Plate 1500 µL,5,3.462,3.699,0.628,0.256,0.05,0.041,0.041,0.038,0.04,0.04,0.039,0.046,0.044,0.049,0.091
S5_D3_05-03-2021_Right,0.0,0.0,0.0,0.7789127777777777,0.2210872222222223,D3,Falcon 48 Well Plate 1500 µL,5,3.456,3.711,0.621,0.251,0.049,0.043,0.038,0.038,0.04,0.038,0.037,0.043,0.044,0.049,0.093
S5_D4_05-03-2021_Right,0.0,0.0,0.0,0.8900238888888888,0.1099761111111111,D4,Falcon 48 Well Plate 1500 µL,5,,,,,,,,,,,,,,,
